_libraryConstraints is: 
	A	B	X	J	C	H	U	M	Z	P	O	Y	G	
A	0	0	0	0	0.688	0	0	0	0	0	0	0	0	
B	0	0	0	0	1.38	0	0	0	0	0	0	0	0	
X	0	0	0	0	0.688	0	0	0	0	0	0	0	0	
J	0	0	0	0	0.688	0	0	0	0	0	0	0	0	
C	0.688	1.38	0.688	0.688	0.688	0.344	2.06	0.344	0.688	0.688	1.72	0.344	0.688	
H	0	0	0	0	0.344	0	0	0	0	0	0	0	0	
U	0	0	0	0	2.06	0	0	0	0	0	0	0	0	
M	0	0	0	0	0.344	0	0	0	0	0	0	0	0	
Z	0	0	0	0	0.688	0	0	0	0	0	0	0	0	
P	0	0	0	0	0.688	0	0	0	0	0	0	0	0	
O	0	0	0	0	1.72	0	0	0	0	0	0	0	0	
Y	0	0	0	0	0.344	0	0	0	0	0	0	0	0	
G	0	0	0	0	0.688	0	0	0	0	0	0	0	0	


alphabetExpectedFreqs is: 
A	B	X	J	C	H	U	M	Z	P	O	Y	G	
0.0625	0.125	0.0625	0.0625	0.0312	0.0312	0.188	0.0312	0.0625	0.0625	0.156	0.0312	0.0625	


_nOccurrences is: 
	A	B	X	J	C	H	U	M	Z	P	O	Y	G	
A	2	2	2	5	2	1	1	0	0	4	4	2	3	
B	1	1	3	4	5	2	5	2	3	5	1	0	1	
X	5	5	4	6	3	0	5	2	5	6	2	1	2	
J	1	3	7	3	14	1	7	3	4	4	7	1	0	
C	2	7	3	8	0	1	23	4	1	15	10	2	4	
H	1	0	2	2	5	0	2	1	0	2	1	0	1	
U	6	2	8	3	15	2	3	3	5	1	17	4	1	
M	1	0	7	2	2	1	0	0	0	6	1	1	0	
Z	1	1	2	3	8	0	3	1	2	4	6	0	0	
P	3	5	2	7	8	2	5	4	5	9	5	1	2	
O	7	5	4	7	10	5	14	4	4	3	6	1	0	
Y	0	1	1	3	5	1	3	0	0	1	2	1	0	
G	0	1	0	2	2	1	1	1	0	3	1	1	1	


_nPairsInAllPeptides is 541

number of not fixed pairs: 519


_NumExpectedOccurrences is: 
	A	B	X	J	C	H	U	M	Z	P	O	Y	G	
A	2.03	4.05	2.03	2.03	1.7	1.01	6.08	1.01	2.03	2.03	5.07	1.01	2.03	
B	4.05	8.11	4.05	4.05	3.4	2.03	12.2	2.03	4.05	4.05	10.1	2.03	4.05	
X	2.03	4.05	2.03	2.03	1.7	1.01	6.08	1.01	2.03	2.03	5.07	1.01	2.03	
J	2.03	4.05	2.03	2.03	1.7	1.01	6.08	1.01	2.03	2.03	5.07	1.01	2.03	
C	1.7	3.4	1.7	1.7	1.19	0.851	5.1	0.851	1.7	1.7	4.25	0.851	1.7	
H	1.01	2.03	1.01	1.01	0.851	0.507	3.04	0.507	1.01	1.01	2.53	0.507	1.01	
U	6.08	12.2	6.08	6.08	5.1	3.04	18.2	3.04	6.08	6.08	15.2	3.04	6.08	
M	1.01	2.03	1.01	1.01	0.851	0.507	3.04	0.507	1.01	1.01	2.53	0.507	1.01	
Z	2.03	4.05	2.03	2.03	1.7	1.01	6.08	1.01	2.03	2.03	5.07	1.01	2.03	
P	2.03	4.05	2.03	2.03	1.7	1.01	6.08	1.01	2.03	2.03	5.07	1.01	2.03	
O	5.07	10.1	5.07	5.07	4.25	2.53	15.2	2.53	5.07	5.07	12.7	2.53	5.07	
Y	1.01	2.03	1.01	1.01	0.851	0.507	3.04	0.507	1.01	1.01	2.53	0.507	1.01	
G	2.03	4.05	2.03	2.03	1.7	1.01	6.08	1.01	2.03	2.03	5.07	1.01	2.03	


_stds is: 
	A	B	X	J	C	H	U	M	Z	P	O	Y	G	
A	1.42	2.01	1.42	1.42	1.01	1.01	2.45	1.01	1.42	1.42	2.24	1.01	1.42	
B	2.01	2.83	2.01	2.01	1.42	1.42	3.45	1.42	2.01	2.01	3.15	1.42	2.01	
X	1.42	2.01	1.42	1.42	1.01	1.01	2.45	1.01	1.42	1.42	2.24	1.01	1.42	
J	1.42	2.01	1.42	1.42	1.01	1.01	2.45	1.01	1.42	1.42	2.24	1.01	1.42	
C	1.01	1.42	1.01	1.01	0.712	0.712	1.74	0.712	1.01	1.01	1.59	0.712	1.01	
H	1.01	1.42	1.01	1.01	0.712	0.712	1.74	0.712	1.01	1.01	1.59	0.712	1.01	
U	2.45	3.45	2.45	2.45	1.74	1.74	4.2	1.74	2.45	2.45	3.84	1.74	2.45	
M	1.01	1.42	1.01	1.01	0.712	0.712	1.74	0.712	1.01	1.01	1.59	0.712	1.01	
Z	1.42	2.01	1.42	1.42	1.01	1.01	2.45	1.01	1.42	1.42	2.24	1.01	1.42	
P	1.42	2.01	1.42	1.42	1.01	1.01	2.45	1.01	1.42	1.42	2.24	1.01	1.42	
O	2.24	3.15	2.24	2.24	1.59	1.59	3.84	1.59	2.24	2.24	3.52	1.59	2.24	
Y	1.01	1.42	1.01	1.01	0.712	0.712	1.74	0.712	1.01	1.01	1.59	0.712	1.01	
G	1.42	2.01	1.42	1.42	1.01	1.01	2.45	1.01	1.42	1.42	2.24	1.01	1.42	
