_libraryConstraints is: 
	A	B	X	J	C	H	U	M	Z	P	O	Y	G	
A	0	0	0	0	0.875	0	0	0	0	0	0	0	0	
B	0	0	0	0	1.75	0	0	0	0	0	0	0	0	
X	0	0	0	0	0.875	0	0	0	0	0	0	0	0	
J	0	0	0	0	1.31	0	0	0	0	0	0	0	0	
C	0.875	1.75	0.875	1.31	0.875	0.438	2.62	0.438	0.875	0.875	2.19	0.438	0.875	
H	0	0	0	0	0.438	0	0	0	0	0	0	0	0	
U	0	0	0	0	2.62	0	0	0	0	0	0	0	0	
M	0	0	0	0	0.438	0	0	0	0	0	0	0	0	
Z	0	0	0	0	0.875	0	0	0	0	0	0	0	0	
P	0	0	0	0	0.875	0	0	0	0	0	0	0	0	
O	0	0	0	0	2.19	0	0	0	0	0	0	0	0	
Y	0	0	0	0	0.438	0	0	0	0	0	0	0	0	
G	0	0	0	0	0.875	0	0	0	0	0	0	0	0	


alphabetExpectedFreqs is: 
A	B	X	J	C	H	U	M	Z	P	O	Y	G	
0.0625	0.125	0.0625	0.0938	0.0312	0.0312	0.188	0.0312	0.0625	0.0625	0.156	0.0312	0.0625	


_nOccurrences is: 
	A	B	X	J	C	H	U	M	Z	P	O	Y	G	
A	1	0	0	0	1	0	1	0	0	0	1	2	0	
B	0	2	3	3	5	0	5	1	0	4	1	0	1	
X	1	1	1	2	0	1	2	2	1	1	0	0	1	
J	1	1	0	1	1	1	1	1	2	0	2	0	0	
C	1	2	2	2	0	0	1	2	0	0	0	0	0	
H	0	0	0	0	0	0	1	1	0	0	1	0	1	
U	0	10	1	0	2	2	1	0	1	1	4	0	0	
M	0	3	0	0	0	0	2	0	0	0	3	0	0	
Z	0	0	1	2	0	0	3	0	1	0	0	0	0	
P	0	2	0	0	0	0	0	0	0	0	3	0	1	
O	2	4	4	0	0	0	3	0	2	0	2	0	2	
Y	0	1	1	0	0	0	0	0	0	0	0	0	0	
G	0	0	0	1	1	0	2	1	0	0	1	0	0	


_nPairsInAllPeptides is 139

number of not fixed pairs: 111


_NumExpectedOccurrences is: 
	A	B	X	J	C	H	U	M	Z	P	O	Y	G	
A	0.434	0.867	0.434	0.65	1.09	0.217	1.3	0.217	0.434	0.434	1.08	0.217	0.434	
B	0.867	1.73	0.867	1.3	2.18	0.434	2.6	0.434	0.867	0.867	2.17	0.434	0.867	
X	0.434	0.867	0.434	0.65	1.09	0.217	1.3	0.217	0.434	0.434	1.08	0.217	0.434	
J	0.65	1.3	0.65	0.976	1.64	0.325	1.95	0.325	0.65	0.65	1.63	0.325	0.65	
C	1.09	2.18	1.09	1.64	0.983	0.546	3.28	0.546	1.09	1.09	2.73	0.546	1.09	
H	0.217	0.434	0.217	0.325	0.546	0.108	0.65	0.108	0.217	0.217	0.542	0.108	0.217	
U	1.3	2.6	1.3	1.95	3.28	0.65	3.9	0.65	1.3	1.3	3.25	0.65	1.3	
M	0.217	0.434	0.217	0.325	0.546	0.108	0.65	0.108	0.217	0.217	0.542	0.108	0.217	
Z	0.434	0.867	0.434	0.65	1.09	0.217	1.3	0.217	0.434	0.434	1.08	0.217	0.434	
P	0.434	0.867	0.434	0.65	1.09	0.217	1.3	0.217	0.434	0.434	1.08	0.217	0.434	
O	1.08	2.17	1.08	1.63	2.73	0.542	3.25	0.542	1.08	1.08	2.71	0.542	1.08	
Y	0.217	0.434	0.217	0.325	0.546	0.108	0.65	0.108	0.217	0.217	0.542	0.108	0.217	
G	0.434	0.867	0.434	0.65	1.09	0.217	1.3	0.217	0.434	0.434	1.08	0.217	0.434	


_stds is: 
	A	B	X	J	C	H	U	M	Z	P	O	Y	G	
A	0.657	0.928	0.657	0.804	0.465	0.465	1.13	0.465	0.657	0.657	1.04	0.465	0.657	
B	0.928	1.31	0.928	1.13	0.657	0.657	1.59	0.657	0.928	0.928	1.46	0.657	0.928	
X	0.657	0.928	0.657	0.804	0.465	0.465	1.13	0.465	0.657	0.657	1.04	0.465	0.657	
J	0.804	1.13	0.804	0.983	0.569	0.569	1.38	0.569	0.804	0.804	1.27	0.569	0.804	
C	0.465	0.657	0.465	0.569	0.329	0.329	0.804	0.329	0.465	0.465	0.734	0.329	0.465	
H	0.465	0.657	0.465	0.569	0.329	0.329	0.804	0.329	0.465	0.465	0.734	0.329	0.465	
U	1.13	1.59	1.13	1.38	0.804	0.804	1.94	0.804	1.13	1.13	1.78	0.804	1.13	
M	0.465	0.657	0.465	0.569	0.329	0.329	0.804	0.329	0.465	0.465	0.734	0.329	0.465	
Z	0.657	0.928	0.657	0.804	0.465	0.465	1.13	0.465	0.657	0.657	1.04	0.465	0.657	
P	0.657	0.928	0.657	0.804	0.465	0.465	1.13	0.465	0.657	0.657	1.04	0.465	0.657	
O	1.04	1.46	1.04	1.27	0.734	0.734	1.78	0.734	1.04	1.04	1.63	0.734	1.04	
Y	0.465	0.657	0.465	0.569	0.329	0.329	0.804	0.329	0.465	0.465	0.734	0.329	0.465	
G	0.657	0.928	0.657	0.804	0.465	0.465	1.13	0.465	0.657	0.657	1.04	0.465	0.657	
