_libraryConstraints is: 
	A	B	X	J	C	H	U	M	Z	P	O	Y	G	
A	0	0	0	0	0.875	0	0	0	0	0	0	0	0	
B	0	0	0	0	1.75	0	0	0	0	0	0	0	0	
X	0	0	0	0	0.875	0	0	0	0	0	0	0	0	
J	0	0	0	0	1.31	0	0	0	0	0	0	0	0	
C	0.875	1.75	0.875	1.31	0.875	0.438	2.62	0.438	0.875	0.875	2.19	0.438	0.875	
H	0	0	0	0	0.438	0	0	0	0	0	0	0	0	
U	0	0	0	0	2.62	0	0	0	0	0	0	0	0	
M	0	0	0	0	0.438	0	0	0	0	0	0	0	0	
Z	0	0	0	0	0.875	0	0	0	0	0	0	0	0	
P	0	0	0	0	0.875	0	0	0	0	0	0	0	0	
O	0	0	0	0	2.19	0	0	0	0	0	0	0	0	
Y	0	0	0	0	0.438	0	0	0	0	0	0	0	0	
G	0	0	0	0	0.875	0	0	0	0	0	0	0	0	


alphabetExpectedFreqs is: 
A	B	X	J	C	H	U	M	Z	P	O	Y	G	
0.0625	0.125	0.0625	0.0938	0.0312	0.0312	0.188	0.0312	0.0625	0.0625	0.156	0.0312	0.0625	


_nOccurrences is: 
	A	B	X	J	C	H	U	M	Z	P	O	Y	G	
A	6	3	1	5	0	3	2	1	1	1	1	0	1	
B	1	3	1	3	2	0	0	1	0	0	3	0	1	
X	0	0	1	2	0	0	0	2	3	1	0	2	1	
J	3	2	0	1	9	0	3	1	0	2	2	0	0	
C	5	2	1	1	0	0	2	0	0	0	2	2	0	
H	0	0	1	1	0	0	0	0	2	0	1	1	0	
U	1	0	1	3	1	0	4	2	2	0	5	1	2	
M	0	0	0	1	0	1	1	0	0	0	0	2	3	
Z	1	2	1	0	1	0	2	0	3	3	0	0	0	
P	0	1	2	0	1	1	4	0	1	2	0	0	1	
O	5	1	2	3	0	1	2	1	1	1	4	0	2	
Y	1	1	0	0	0	0	1	0	0	0	4	1	0	
G	1	1	1	3	0	0	0	0	1	3	1	0	0	


_nPairsInAllPeptides is 194

number of not fixed pairs: 166


_NumExpectedOccurrences is: 
	A	B	X	J	C	H	U	M	Z	P	O	Y	G	
A	0.648	1.3	0.648	0.973	1.2	0.324	1.95	0.324	0.648	0.648	1.62	0.324	0.648	
B	1.3	2.59	1.3	1.95	2.4	0.648	3.89	0.648	1.3	1.3	3.24	0.648	1.3	
X	0.648	1.3	0.648	0.973	1.2	0.324	1.95	0.324	0.648	0.648	1.62	0.324	0.648	
J	0.973	1.95	0.973	1.46	1.8	0.486	2.92	0.486	0.973	0.973	2.43	0.486	0.973	
C	1.2	2.4	1.2	1.8	1.04	0.6	3.6	0.6	1.2	1.2	3	0.6	1.2	
H	0.324	0.648	0.324	0.486	0.6	0.162	0.973	0.162	0.324	0.324	0.811	0.162	0.324	
U	1.95	3.89	1.95	2.92	3.6	0.973	5.84	0.973	1.95	1.95	4.86	0.973	1.95	
M	0.324	0.648	0.324	0.486	0.6	0.162	0.973	0.162	0.324	0.324	0.811	0.162	0.324	
Z	0.648	1.3	0.648	0.973	1.2	0.324	1.95	0.324	0.648	0.648	1.62	0.324	0.648	
P	0.648	1.3	0.648	0.973	1.2	0.324	1.95	0.324	0.648	0.648	1.62	0.324	0.648	
O	1.62	3.24	1.62	2.43	3	0.811	4.86	0.811	1.62	1.62	4.05	0.811	1.62	
Y	0.324	0.648	0.324	0.486	0.6	0.162	0.973	0.162	0.324	0.324	0.811	0.162	0.324	
G	0.648	1.3	0.648	0.973	1.2	0.324	1.95	0.324	0.648	0.648	1.62	0.324	0.648	


_stds is: 
	A	B	X	J	C	H	U	M	Z	P	O	Y	G	
A	0.804	1.13	0.804	0.983	0.569	0.569	1.39	0.569	0.804	0.804	1.27	0.569	0.804	
B	1.13	1.6	1.13	1.39	0.804	0.804	1.95	0.804	1.13	1.13	1.78	0.804	1.13	
X	0.804	1.13	0.804	0.983	0.569	0.569	1.39	0.569	0.804	0.804	1.27	0.569	0.804	
J	0.983	1.39	0.983	1.2	0.696	0.696	1.69	0.696	0.983	0.983	1.55	0.696	0.983	
C	0.569	0.804	0.569	0.696	0.402	0.402	0.983	0.402	0.569	0.569	0.898	0.402	0.569	
H	0.569	0.804	0.569	0.696	0.402	0.402	0.983	0.402	0.569	0.569	0.898	0.402	0.569	
U	1.39	1.95	1.39	1.69	0.983	0.983	2.37	0.983	1.39	1.39	2.17	0.983	1.39	
M	0.569	0.804	0.569	0.696	0.402	0.402	0.983	0.402	0.569	0.569	0.898	0.402	0.569	
Z	0.804	1.13	0.804	0.983	0.569	0.569	1.39	0.569	0.804	0.804	1.27	0.569	0.804	
P	0.804	1.13	0.804	0.983	0.569	0.569	1.39	0.569	0.804	0.804	1.27	0.569	0.804	
O	1.27	1.78	1.27	1.55	0.898	0.898	2.17	0.898	1.27	1.27	1.99	0.898	1.27	
Y	0.569	0.804	0.569	0.696	0.402	0.402	0.983	0.402	0.569	0.569	0.898	0.402	0.569	
G	0.804	1.13	0.804	0.983	0.569	0.569	1.39	0.569	0.804	0.804	1.27	0.569	0.804	
