		V19:A	A20:A	T21:A	T22:A	P23:A	A24:A	S25:A	S26:A	P27:A	V28:A	T29:A	A31:A	T36:A	Y39:A	P40:A	N43:A	L44:A	G46:A	P47:A	A48:A	H50:A	E51:A	R52:A	Y53:A	P54:A	N55:A	T57:A	I58:A	T59:A	A60:A	Q61:A	G62:A	T63:A	G66:A	A67:A	I69:A	A70:A	Q71:A	A73:A	A74:A	G75:A	T76:A	V77:A	N78:A	Y85:A	S87:A	E88:A	G89:A	D90:A	M91:A	A92:A	A93:A	H94:A	K95:A	G96:A	M98:A	N112:A	L113:A	P114:A	G115:A	V116:A	S117:A	E118:A	H119:A	K121:A	N123:A	K125:A	A129:A	Q132:A	G133:A	T134:A	K136:A	T137:A	D139:A	D140:A	P141:A	Q142:A	A144:A	A145:A	L146:A	P148:A	G149:A	V150:A	N151:A	L152:A	P153:A	G154:A	T155:A	A156:A	V157:A	V158:A	H161:A	S163:A	D164:A	G165:A	F170:A	Q174:A	S177:A	K178:A	Q179:A	D180:A	P181:A	E182:A	G183:A	G185:A	K186:A	S187:A	P188:A	G189:A	F190:A	G191:A	T192:A	T193:A	V194:A	D195:A	F196:A	P197:A	A198:A	V199:A	P200:A	G201:A	A202:A	L203:A	G204:A	E205:A	N206:A	G207:A	G209:A	G210:A	T213:A	G214:A	A216:A	E217:A	T218:A	P219:A	S228:A	F229:A	L230:A	D231:A	Q232:A	S234:A	Q235:A	R236:A	G237:A	L238:A	G239:A	E240:A	Q242:A	S246:A	S247:A	G248:A	N249:A	F250:A	L251:A	L252:A	P253:A	D254:A	A255:A	Q256:A	S257:A	Q259:A	A260:A	A262:A	A263:A	G264:A	F265:A	A266:A	S267:A	K268:A	T269:A	P270:A	A271:A	N272:A	A274:A	I275:A	S276:A	D279:A	P281:A	A282:A	P283:A	D284:A	N297:A	N298:A	R299:A	Q300:A	K301:A	D302:A	A303:A	A304:A	T305:A	A306:A	Q307:A	Q310:A	H314:A	W315:A	T318:A	D319:A	N321:A	K322:A	A323:A	S324:A	F325:A	D327:A	Q328:A	H330:A	Q332:A	P333:A	P335:A	P336:A	A337:A	V339:A	K340:A	L341:A	D343:A	A344:A	L345:A	A347:A	T348:A	S350:A	S351:A
V19:A	0	1.32557	3.42162	6.02343	9.13269	11.0389	14.0778	16.413	18.2751	15.1821	17.3339	17.6436	25.0649	22.2479	22.6449	20.9532	19.2592	17.566	19.4502	17.199	16.9813	19.0712	14.3587	11.0721	18.5294	15.7671	17.8106	14.7864	19.5822	20.8511	23.1328	25.6264	25.5133	25.5703	24.034	22.1333	23.9648	21.9017	21.0466	23.0369	21.241	21.7914	18.1925	14.5455	20.4984	23.638	25.1266	26.1175	23.1718	19.073	24.0183	24.8396	20.4217	19.4564	15.2924	11.092	43.8466	46.4054	48.7897	50.3044	47.0468	45.6449	44.8996	39.9603	43.0655	40.0154	41.2961	44.3268	44.3769	47.3164	48.8652	51.254	51.0652	52.5667	51.7527	52.4672	48.4304	51.1781	50.4374	45.3441	50.6551	54.0348	50.2149	53.5032	50.2166	52.2243	54.7812	51.4676	49.769	46.2858	43.9115	37.0033	35.0885	30.5106	28.6058	25.9282	27.5694	35.2111	31.615	37.0063	39.4756	39.6379	42.4196	42.3385	38.2656	40.4105	41.1594	37.2784	35.4227	29.8128	30.3241	26.8975	31.5148	34.3373	38.1357	36.7286	42.2967	45.959	46.7301	48.5118	44.9726	43.9354	40.9026	39.4538	35.6693	33.5821	31.7219	32.5557	35.0177	38.3534	40.2197	42.1845	44.3117	46.5233	48.4745	25.7505	28.1667	31.2217	30.9738	31.479	36.8951	35.6584	39.5243	41.953	39.1296	39.7106	34.4998	38.653	35.2659	36.7362	39.9265	38.3785	38.3405	35.0304	33.0357	30.8747	28.9736	27.4323	29.4688	29.0266	25.1164	27.5273	22.8599	24.7245	25.3747	20.9826	19.0011	20.9967	21.1723	17.0533	16.4032	13.97	15.8901	18.3463	20.1792	23.8392	30.48	30.3371	30.5508	34.036	32.6445	13.0318	12.4546	14.2277	12.6543	16.4791	13.4582	11.0119	11.7229	11.4283	8.35046	7.13857	3.51906	3.97981	7.08205	8.44174	11.5473	13.6071	16.2755	19.7982	20.7009	17.0777	22.6866	23.8967	24.4957	18.6757	17.0507	14.5356	12.2912	13.0309	8.4184	8.26216	9.40571	3.72156	6.44526	7.32048	4.15513	6.90527	10.0534	12.6487	
A20:A	1.32557	0	1.3207	3.35488	5.96958	7.521	10.5959	12.8312	14.7703	11.8088	14.8651	15.965	25.361	21.6026	21.9172	19.8772	17.6034	15.5081	16.9666	14.6674	14.0796	15.951	12.1724	8.29409	14.9519	12.4235	14.8721	12.5195	17.5325	19.6561	22.1278	24.976	25.3359	26.3191	24.3282	23.0986	24.5523	21.8846	21.6459	22.8338	20.2401	20.994	17.6379	14.1581	22.9946	25.6635	27.1199	27.6802	24.5697	21.0148	25.4588	25.7935	21.4306	20.1049	16.12	12.2447	44.7003	47.2289	49.484	50.9824	48.0109	46.6671	46.1132	41.0767	44.9239	42.2372	43.6654	46.3954	46.5671	49.0703	50.9089	52.8999	52.6375	54.085	53.7133	54.5285	50.6782	53.068	52.5773	47.4924	52.6481	55.6349	51.7575	54.7639	51.7063	53.3654	55.9851	52.4146	50.8564	47.669	44.9702	37.951	35.7341	30.9203	29.3983	28.2451	30.1352	37.7757	34.5102	39.6739	42.1344	42.5789	45.2437	44.8443	40.8933	43.0295	43.4351	39.4303	37.6837	32.3329	32.1426	28.4694	33.0104	36.1539	39.7746	38.1961	44.0174	47.4562	48.1934	49.7152	45.9809	44.9449	41.7459	40.0066	36.1731	33.4907	31.953	32.6281	35.0523	38.4553	40.4225	42.5136	44.5246	46.8798	49.0202	26.094	28.2962	31.6852	30.9569	31.2287	37.3751	35.3465	39.1028	42.1434	39.6193	40.6664	35.6919	40.5153	38.2585	39.7058	42.6894	40.8698	40.4608	37.1255	34.7925	32.4258	30.6675	29.2689	31.1909	31.3077	26.9558	29.9288	25.4932	27.6093	28.6643	24.2519	22.3319	24.3771	24.3017	20.1942	19.2977	16.5794	18.4081	21.1108	23.2625	26.8343	33.1886	33.543	33.4442	36.9332	35.0224	13.1692	12.4344	13.7353	11.1111	14.0113	10.5532	7.74834	8.22582	8.56925	5.86507	3.72557	2.81316	4.589	6.4592	9.15758	10.8315	14.398	16.2357	20.0982	20.1409	16.0852	22.9879	23.0698	25.422	20.2874	18.7774	17.5729	15.9506	16.4382	11.7157	11.5515	12.325	7.01244	9.46426	9.31178	5.88549	7.99191	9.51472	11.087	
T21:A	3.42162	1.3207	0	1.32726	4.2558	7.73351	10.3951	12.8759	15.0266	12.8222	15.4134	17.3144	26.2898	21.7547	21.4773	19.3085	16.1048	14.1335	14.6682	11.9404	12.0036	12.7101	7.8585	4.16631	12.1873	10.6175	14.2003	12.5472	17.7933	20.1869	22.9857	25.8936	27.0819	28.526	26.5214	25.3222	26.7642	24.0682	23.8483	25.3031	22.6883	23.0512	19.7646	16.2405	24.6807	28.047	29.7714	30.3652	27.2019	23.7947	28.3101	28.556	24.2166	23.0056	18.9343	15.0886	45.3377	47.6844	49.734	50.9996	48.1399	46.5736	46.166	40.8946	44.9615	42.7307	44.2912	47.4783	47.9963	50.5531	52.0826	54.0685	53.5248	54.7947	54.4345	54.8937	51.2827	53.394	52.5942	47.7024	52.4119	55.4624	51.6567	55.0515	52.0501	53.9914	56.9338	53.2528	51.9813	48.8741	46.2708	39.5498	37.574	32.6343	31.3027	29.7901	31.2349	38.972	35.0812	39.8877	42.9042	43.2711	46.2078	46.2161	42.3358	44.4285	45.1297	41.3313	39.3674	33.946	34.1291	30.4951	35.0596	38.1063	41.806	39.9605	45.8255	49.3198	49.8364	51.2448	47.4917	46.5963	43.3241	41.5768	37.7084	34.7127	33.2027	33.3535	35.8403	38.7984	41.1228	42.753	44.9796	47.4763	49.6114	26.3604	28.8214	31.8017	30.2318	31.0039	37.1283	34.5306	38.9344	41.9122	39.9871	41.1013	35.7397	40.4441	37.9714	38.9618	42.2018	39.9284	40.0026	36.6016	34.3388	32.1887	29.9358	28.1442	30.0377	30.5085	25.436	28.7556	24.6577	26.5012	27.8618	23.7648	21.4695	23.6888	24.477	20.6078	20.4514	18.4473	20.411	22.6319	23.8285	27.5879	33.4135	33.0305	32.5076	35.869	34.0794	15.7425	15.3938	16.7805	13.9568	17.0774	13.7521	10.853	10.5688	11.047	8.65049	5.98034	5.79673	3.48865	6.55725	7.43929	8.03349	13.6171	13.5703	18.672	17.9535	14.156	22.0939	21.3349	25.259	19.7747	17.4921	16.1407	14.3139	15.8089	10.6086	11.8327	13.5585	6.68037	10.8952	12.0677	9.12423	11.2772	12.6455	14.5027	
T22:A	6.02343	3.35488	1.32726	0	1.34084	3.99174	6.69033	9.2697	11.7527	9.42756	12.763	15.7163	27.1565	22.5056	22.679	20.1584	17.3376	14.248	15.1641	12.8846	12.0761	12.8497	7.54985	5.08435	10.8608	8.15492	12.2913	11.878	16.7265	19.743	22.5404	25.7319	26.6358	28.433	26.0017	25.2505	26.1018	23.0091	23.3932	24.0399	20.8516	21.086	18.2924	14.4911	26.385	29.4984	31.3738	31.3277	28.0042	25.6482	29.4694	28.9336	24.8169	23.2821	19.5947	16.4083	46.6369	49.0661	51.1764	52.5507	49.7244	48.3055	47.9699	42.775	47.2721	45.0366	46.6141	49.3026	49.5139	51.8934	53.8238	55.5211	55.0962	56.4292	56.338	57.1404	53.5501	55.5401	55.1076	50.1168	54.9634	57.672	53.7897	56.7324	53.8851	55.3916	58.1764	54.4645	53.0815	50.1198	47.2762	40.2958	37.756	32.7699	31.6972	31.5199	33.4064	41.0646	37.7687	42.638	45.3287	45.9193	48.6058	48.145	44.2952	46.4105	46.6796	42.6818	40.9417	35.7364	35.2511	31.4979	35.8797	39.2167	42.7146	40.9883	46.952	50.2947	50.899	52.2165	48.309	47.2789	43.9284	41.8768	38.0422	34.6476	33.5864	34.0638	36.3976	39.4701	41.8853	43.8912	45.9125	48.4493	50.7892	27.7348	29.8932	33.2707	31.9482	32.2241	38.764	36.1713	39.8156	43.436	41.3149	42.5429	37.5763	42.7658	41.2632	42.5059	45.4596	43.2732	42.8036	39.433	36.8946	34.4594	32.6267	30.8583	32.9772	33.5588	28.5893	32.1976	28.0781	30.2252	31.6409	27.5207	25.5557	27.7983	28.1913	23.9542	23.6853	21.3256	22.7335	25.1431	26.787	30.279	36.224	36.5879	36.124	39.5839	37.3549	15.6157	15.4945	15.836	12.6852	14.8678	11.1363	7.94337	7.01	8.65638	7.45287	3.06435	6.45095	6.91515	8.0698	10.1554	10.258	15.6109	15.8023	20.7908	20.1073	16.1513	23.9943	23.2328	27.0667	22.3829	20.5427	20.1525	18.6844	19.967	14.6506	15.7227	16.7643	10.2142	14.1829	14.1145	11.3468	13.3119	12.5086	12.8088	
P23:A	9.13269	5.96958	4.2558	1.34084	0	1.32792	3.70658	6.25094	8.64487	6.93992	9.61893	13.0539	24.7816	19.7908	19.879	17.0725	14.2877	10.8738	11.7461	9.8009	8.60273	9.81311	7.10401	3.36682	7.8854	5.1186	8.69319	9.01902	13.6121	16.8182	19.8662	23.1313	24.3957	27.0669	24.3916	24.1981	25.0133	21.7415	22.6607	23.1082	19.5593	19.0987	16.71	13.0149	26.523	29.5809	31.7753	31.4646	28.0905	26.4449	29.8486	29.0119	25.0468	23.6126	20.0073	17.1423	44.5443	46.9614	48.9442	50.3887	47.9805	46.7832	46.5689	41.4845	46.57	44.6229	46.3244	48.4997	48.3553	50.6151	52.864	53.8807	53.6687	54.9783	55.1867	56.419	52.9128	54.6493	54.6342	49.6364	54.4373	56.6573	52.7224	55.1611	52.5632	53.552	56.2932	52.3133	51.0565	48.4654	45.2558	38.323	35.8145	30.696	29.9897	31.3539	33.5632	41.0493	38.2937	42.8473	45.4164	46.4238	48.8769	47.94	44.3386	46.405	46.1491	42.1041	40.517	35.796	34.3936	30.4677	34.7097	37.9943	41.5535	39.4856	45.6977	48.7233	49.2629	50.2565	46.2401	45.2938	41.8409	39.6691	35.8427	32.1684	31.2442	31.5092	33.8099	36.6601	39.2878	41.1906	43.1564	45.8468	48.2626	25.6686	27.412	31.1944	29.6831	29.4133	36.6747	33.3744	36.8477	40.856	38.9307	40.766	36.3598	42.0923	42.1784	43.5881	46.0986	43.6493	42.7047	39.4072	36.5282	33.6543	32.3873	30.7462	33.1041	33.8908	29.1013	33.0737	29.1453	31.6717	33.3939	29.4914	27.9144	30.1548	30.3194	25.8427	25.6435	23.2033	24.0704	26.4909	28.108	31.2097	36.6725	37.9777	37.3301	40.7615	37.9276	15.7298	16.2102	15.9222	12.4782	14.1173	10.3565	7.717	5.77666	7.88472	7.76948	3.89533	7.06747	9.2965	7.56447	11.4519	10.3365	15.4516	15.9828	20.4515	19.0491	14.233	22.8556	20.9193	25.6311	22.5162	21.2395	22.2888	21.3263	22.5249	16.9859	18.3286	18.8901	12.7114	16.5906	15.5914	13.2799	14.8657	13.4974	12.9518	
A24:A	11.0389	7.521	7.73351	3.99174	1.32792	0	1.32933	3.39335	5.89911	4.72972	9.03448	13.7945	27.2438	22.7047	23.267	19.9983	17.8276	13.4739	14.4091	13.2316	10.4344	12.0343	9.27532	6.3576	8.05462	2.86727	8.88664	11.2093	14.8066	18.2721	21.5042	24.9316	25.6628	27.8557	25.1105	24.7665	24.8826	21.4594	22.5073	21.9819	18.2741	18.5069	16.658	12.2678	27.8188	30.2932	32.1836	31.6849	28.2885	27.0743	30.0666	28.3942	24.9103	22.9814	20.0781	17.5877	47.5845	50.1397	52.2158	53.8543	51.5371	50.5149	50.1421	45.2417	49.8673	47.3585	48.8403	50.7797	50.3823	52.6539	54.9932	56.3866	56.4211	57.9142	57.9214	59.3578	55.5587	57.7174	57.7926	52.6457	57.8494	60.2191	56.2629	58.5432	55.8137	56.6868	59.1472	55.1492	53.6964	51.0135	47.7008	40.2524	37.1512	32.2732	31.3189	33.0106	35.4731	42.8013	40.4443	45.324	47.5616	48.3731	50.6449	49.5346	45.7269	47.6697	47.5565	43.3231	41.9555	37.1052	35.7176	31.7154	35.6827	39.1939	42.7041	41.1752	47.3286	50.1885	51.1671	52.3133	48.2995	47.0442	43.7488	41.4376	37.6784	33.8237	33.2839	34.0242	36.1619	39.1102	41.7991	44.1148	45.3708	48.5253	51.082	29.0118	30.3039	34.6374	33.5549	32.5044	40.1877	36.821	39.4479	44.2491	42.0419	44.1013	39.9508	45.5038	44.8952	46.5937	49.1447	46.8813	46.1586	42.8996	40.1545	37.3369	36.2294	34.7824	37.0221	37.4509	33.0821	36.6071	32.3491	34.8117	36.0635	31.9114	30.4565	32.6776	32.3948	27.7927	27.3101	24.5809	25.1948	27.7764	30.0449	33.0719	39.2596	40.6132	40.4539	43.9292	41.4352	15.5673	15.6071	14.5468	11.2056	11.3064	7.31275	5.56309	3.72743	5.46346	7.24077	3.91276	8.33144	12.0295	11.5646	15.3792	14.8544	19.5194	20.5618	24.8213	23.5897	18.6499	27.0557	25.0124	29.5154	26.1162	25.0546	25.2798	24.1939	25.0316	19.815	20.5692	20.6859	15.2068	18.2154	16.382	14.2913	15.1623	12.3223	10.606	
S25:A	14.0778	10.5959	10.3951	6.69033	3.70658	1.32933	0	1.32791	3.85523	6.33797	9.80838	15.6359	29.8858	24.7064	25.2335	21.4383	19.6438	14.9784	15.4531	14.7933	10.882	12.3533	10.091	7.74693	7.24097	3.33264	9.54464	12.9632	16.0828	19.6312	23.0642	26.5855	27.9009	30.5587	27.6525	27.5478	27.6141	24.1421	25.3474	24.7944	20.9664	20.69	19.2087	14.9163	31.2045	33.5701	35.3677	34.7171	31.3135	30.4215	33.136	31.5104	28.0048	26.1323	23.1484	20.89	50.0413	52.4846	54.3149	55.9146	54.0735	53.1037	52.8519	47.9282	52.9038	50.5806	52.1105	53.9121	53.3926	55.615	57.9922	59.1571	59.2955	60.7521	60.899	62.4497	58.749	60.7362	60.9155	55.803	60.89	63.055	59.0954	61.2276	58.6433	59.2916	61.7856	57.5115	56.2841	53.8259	50.3664	42.9244	39.6521	34.777	34.0352	36.3479	38.8755	46.1085	43.9014	48.7113	50.9313	51.7991	54.0363	52.8062	49.0437	50.9036	50.7232	46.4624	45.1721	40.4393	38.8194	34.7756	38.4607	42.1086	45.6179	44.0666	50.2843	52.9897	53.9831	54.9901	50.9072	49.6254	46.285	43.6545	40.0105	35.4348	35.4998	35.9808	37.9151	40.4885	43.5136	45.7219	46.6515	50.2128	52.9749	31.6338	32.6491	37.1735	35.5598	34.1703	42.2418	38.3783	40.6634	45.9619	44.2018	46.7553	42.7555	48.523	48.3501	50.0027	52.5083	50.1388	49.296	46.001	43.1801	40.2625	39.1718	37.6291	39.977	40.6175	36.012	39.8189	35.6914	38.1751	39.5453	35.4232	33.9123	36.1412	35.9421	31.3525	30.861	28.0962	28.7164	31.3129	33.5954	36.5905	42.679	44.1069	43.8309	47.2942	44.6456	18.6361	18.7204	17.7119	14.3449	14.0458	10.1386	8.61149	6.42699	8.51095	10.3902	5.88121	11.8494	15.3769	14.4443	18.2636	17.0926	22.3637	22.6029	27.3203	25.6381	20.6931	29.5929	26.9199	32.1626	29.2512	28.0945	28.6205	27.4981	28.4574	23.2424	23.9844	24.2051	18.5934	21.5837	19.8115	17.5566	18.2761	15.4253	13.5638	
S26:A	16.413	12.8312	12.8759	9.2697	6.25094	3.39335	1.32791	0	1.34302	3.22334	6.59848	12.5788	27.3991	22.352	23.5583	20.0792	18.6095	13.7299	15.0017	14.6526	10.2389	13.0274	11.361	7.92182	7.54889	2.86102	7.44253	10.7655	13.5258	17.0713	20.2008	23.9185	24.8982	27.9383	24.8368	25.2523	24.9501	21.3746	23.0553	21.884	18.0293	17.4817	16.4297	12.3118	30.0786	32.2793	34.3445	33.274	29.8952	29.7833	31.7015	29.4761	26.5344	24.467	22.117	20.6899	47.8551	50.4095	52.2978	54.1123	52.2878	51.5547	51.2615	46.5915	51.5864	49.2011	50.708	52.042	51.1958	53.322	55.7836	56.7348	57.1557	58.6863	58.9257	60.8365	57.1216	59.0985	59.6078	54.4546	59.6919	61.6122	57.5098	59.3375	56.8451	57.1401	59.4294	55.1827	53.8069	51.511	47.8199	40.2377	36.6557	31.867	31.3767	34.8627	37.7575	44.5859	43.0514	47.6007	49.6721	50.6033	52.759	51.1407	47.5433	49.1854	48.7947	44.5019	43.3958	39.0516	36.8113	32.7141	35.8608	39.7042	43.1941	41.6418	47.9262	50.3439	51.3818	52.2772	48.1286	46.7196	43.4499	40.8009	37.184	32.6539	32.803	33.5784	35.4466	38.2675	41.1241	43.6381	44.277	47.9127	50.7191	29.8347	30.4421	35.334	34.2211	32.3243	40.5149	37.0089	38.7578	44.2391	42.1251	44.8575	41.4158	47.34	47.9629	49.8686	52.0256	49.4466	48.5274	45.0366	42.4121	39.2936	38.6726	37.446	39.8236	40.3396	36.2692	39.9459	35.8289	38.5344	39.8999	35.9039	34.8053	36.9927	36.4783	31.6993	31.3362	28.6224	28.5752	31.0644	33.2344	36.0673	41.9542	44.1021	43.9197	47.3489	44.4595	17.5108	17.7402	15.8603	12.527	10.4307	7.1089	7.42538	3.85016	6.55129	9.21849	8.24696	12.084	16.2273	15.0826	19.6061	18.4659	22.6383	23.9147	27.605	25.8565	20.3988	29.0909	26.2264	31.1264	29.101	28.5247	29.6189	28.9346	29.6978	24.4495	25.4189	25.1069	20.0976	22.7352	20.3927	18.4525	18.3919	14.1838	11.8002	
P27:A	18.2751	14.7703	15.0266	11.7527	8.64487	5.89911	3.85523	1.34302	0	1.32984	4.49849	10.8261	25.9776	20.7097	22.6838	19.2028	18.2794	13.2146	14.6272	14.8547	9.16756	12.7874	11.9945	8.02567	6.65875	3.17703	6.15848	9.35424	11.7813	15.2696	18.0088	22.0863	23.0161	26.2481	23.0259	23.6575	22.9697	19.3577	21.3668	19.6835	15.7099	15.0416	14.6335	10.631	29.4739	31.4129	33.4513	32.0755	28.7188	29.1036	30.9832	28.3982	25.6252	24.0219	21.7689	20.7639	46.393	49.0929	50.8986	52.8964	51.2726	50.7257	50.3865	45.9151	50.8181	48.3841	49.854	50.8696	49.8015	51.8609	54.3749	55.22	55.8004	57.4254	57.7027	59.8084	56.1059	58.1136	58.8353	53.6595	59.0118	60.7927	56.5711	58.231	55.7861	55.8351	57.9697	53.6537	52.2534	50.0816	46.2506	38.5691	34.7627	30.0774	29.7406	33.918	37.1181	43.6315	42.5637	46.922	48.8894	49.8379	51.9308	50.06	46.5728	48.0344	47.5436	43.2387	42.259	38.1965	35.5657	31.4603	34.1735	38.1741	41.632	40.1178	46.415	48.6309	49.6005	50.5257	46.3808	44.8679	41.6572	38.8888	35.3553	30.6208	31.0586	31.9571	33.6812	36.4865	39.3687	42.0624	42.3152	46.184	49.089	28.8713	29.0571	34.3796	33.5054	31.0241	39.4306	35.9809	37.1059	42.9893	40.78	43.7935	40.7435	46.6543	47.7807	49.8588	51.789	49.1032	48.1598	44.561	42.0934	38.8097	38.5691	37.5713	39.9368	40.3346	36.6711	40.1959	36.0888	38.9088	40.2304	36.3288	35.501	37.6448	36.9088	32.0527	31.7496	29.082	28.6157	31.0179	33.0773	35.8225	41.5804	44.1773	44.0887	47.4822	44.4835	17.1058	18.2836	15.8052	12.4085	9.56257	7.40034	9.65639	6.17508	6.60088	9.8683	10.5295	12.8479	17.1212	16.0848	20.8659	19.836	23.224	25.0963	28.1622	26.4253	20.746	29.1236	26.0894	30.7626	29.28	29.0657	30.4572	30.0303	30.6416	25.4468	26.5092	25.866	21.3401	23.7298	20.9983	20.0533	19.4445	15.0031	13.5564	
V28:A	15.1821	11.8088	12.8222	9.42756	6.93992	4.72972	6.33797	3.22334	1.32984	0	1.32938	7.34643	22.1079	16.8192	18.7308	15.4392	14.6897	9.67096	11.7326	12.309	7.02507	10.8003	11.2306	6.95022	6.7222	3.03823	2.71197	5.46735	7.92471	11.4609	14.7402	18.3314	19.5432	22.4328	19.3745	19.6826	19.4606	15.9151	17.537	16.8874	12.9098	12.3805	10.9131	6.84718	24.8731	26.8966	29.138	27.9698	24.579	24.9829	26.918	24.7815	21.7116	20.2654	17.559	16.3096	42.4787	45.1072	46.9429	48.92	47.2627	46.7297	46.3739	41.9351	46.8673	44.4208	45.7702	46.9403	45.9971	48.1445	50.6291	51.3651	51.8761	53.4633	53.7936	55.8912	52.1658	54.1518	54.903	49.7575	55.0514	56.7845	52.5547	54.2164	51.7794	51.8484	54.0368	49.7346	48.3662	46.2022	42.3987	34.8674	31.3184	26.4736	26.0801	29.6184	32.6691	39.2794	38.119	42.583	44.5704	45.3854	47.4986	45.7562	42.1439	43.6975	43.3422	39.0132	37.9771	33.694	31.3716	27.2723	30.388	34.2513	37.7236	36.3672	42.5858	45.017	46.0071	46.8554	42.6701	41.3129	37.9908	35.2879	31.692	27.061	27.2867	28.0662	29.869	32.7035	35.5507	38.1757	38.6531	42.3546	45.2085	24.8581	25.0786	30.3685	29.6081	27.0827	35.4487	32.1262	33.3295	39.0522	36.8008	39.7758	36.7633	42.6867	43.4916	45.7073	47.7033	45.2112	44.3087	40.6669	38.2137	34.9016	34.8023	33.934	36.2897	36.665	33.2343	36.4746	32.1263	34.9065	35.9522	31.9893	31.3053	33.4119	32.4216	27.5523	27.1673	24.4909	23.9071	26.3259	28.4338	31.2422	37.2977	39.8366	40.0281	43.4394	40.7359	12.8906	14.5205	12.3702	8.40187	8.39771	5.99108	7.18589	4.18516	4.24082	6.469	7.25302	8.69781	13.3896	13.3563	18.0419	17.6444	20.041	22.0944	24.9293	23.0459	17.532	25.4898	22.563	26.897	25.7092	25.5964	26.589	26.2185	26.5392	21.472	22.4423	21.4959	17.5983	19.4879	16.5553	15.9858	15.4793	11.7302	11.3053	
T29:A	17.3339	14.8651	15.4134	12.763	9.61893	9.03448	9.80838	6.59848	4.49849	1.32938	0	3.88745	19.0428	13.7611	17.464	13.4712	14.9937	10.3701	12.1755	13.6754	8.5391	12.5522	13.4247	9.1897	8.75474	5.47029	3.09761	5.28504	4.66469	8.19316	10.2372	14.6222	15.4092	19.1068	15.9	16.8177	16.3037	12.5625	14.8464	14.0653	10.0216	8.69583	7.7972	3.72491	23.0322	24.8852	27.506	25.9915	22.6881	23.5953	25.3712	22.9164	19.8541	19.2348	16.8622	16.3455	39.2994	42.268	44.0157	46.3636	45.0016	44.8288	44.3069	40.314	44.6206	41.9492	43.3259	44.0904	42.7481	44.6918	47.2627	47.9203	48.7259	50.5007	50.8096	53.2252	49.4708	51.6241	52.5785	47.3296	52.9832	54.6948	50.2824	51.6674	49.2386	48.9366	50.7862	46.4235	44.9413	42.9136	38.915	31.147	27.1833	22.5722	22.5634	27.0543	30.6421	36.7716	36.2735	40.4268	42.2619	43.1258	45.1478	43.0707	39.642	41.0006	40.4453	36.1231	35.2349	31.3934	28.4964	24.3971	27.0057	31.0015	34.4431	32.9727	39.2143	41.2616	42.0422	42.948	38.8304	37.251	34.0761	31.2017	27.7548	22.8696	23.5816	24.737	26.2597	29.2266	31.9668	35.0302	34.7869	38.8277	41.8278	22.8782	22.3006	28.3951	28.3533	24.6693	33.2692	30.3455	30.2638	36.5959	33.9949	37.3982	35.0725	40.6783	42.0034	44.2863	45.9967	43.2829	42.4562	38.7827	36.5622	33.149	33.5852	33.0033	35.2683	35.196	32.5515	35.4203	31.2423	34.1972	35.3295	31.6471	31.3812	33.3935	32.1197	27.2124	26.9988	24.5293	23.2273	25.4052	27.2549	29.8577	35.5807	38.7964	38.9566	42.2758	39.3021	12.4891	14.7059	12.0588	7.73676	8.29752	8.58104	10.8675	7.84577	5.25278	8.68801	10.2321	10.4755	14.3752	13.8219	19.0124	18.7809	19.935	22.2082	25.0794	23.2702	18.0906	25.0734	22.7473	25.8596	24.6557	24.9583	26.8218	26.9687	27.195	22.3193	23.5266	22.087	19.0697	20.6246	17.3044	17.4284	16.6622	12.8413	12.9222	
A31:A	17.6436	15.965	17.3144	15.7163	13.0539	13.7945	15.6359	12.5788	10.8261	7.34643	3.88745	0	13.3817	10.2315	13.6231	11.4779	13.3785	10.1642	12.1067	14.1919	11.4898	14.6115	16.1521	12.768	13.224	10.9682	5.16342	5.60928	3.47625	5.75222	6.22968	10.2302	10.0407	13.0256	9.94929	10.7876	11.1313	7.71483	10.2124	10.9862	8.03867	5.13986	3.43396	2.95298	17.4249	19.4499	22.5112	21.3418	18.0122	19.2554	21.1922	19.331	15.8287	16.7028	14.2422	12.3802	34.6667	37.5147	39.5565	42.0285	40.344	40.242	39.3908	35.6189	39.0141	35.8947	37.1105	37.7111	36.4743	38.5617	41.1002	42.4026	43.1785	45.0101	45	47.2498	43.2008	45.8875	46.8293	41.4762	47.5379	49.5143	45.146	46.6617	43.9029	43.9163	45.6132	41.4771	39.7341	37.2999	33.5348	25.5133	21.7404	17.0456	16.3453	20.7431	24.6699	30.5075	30.3904	34.3049	36.0481	36.9711	38.948	36.7592	33.4632	34.8288	34.1206	29.8529	28.8965	25.2589	22.1676	18.0747	20.8253	24.6909	28.1711	26.7154	32.9556	35.2776	36.512	37.5388	33.4635	31.85	28.7277	26.1306	22.5356	18.4349	18.4885	20.1345	21.804	25.4645	27.5776	30.837	30.9695	34.4928	37.3233	18.0613	17.8007	23.897	24.9134	21.0618	29.1579	27.3042	27.0781	32.7423	29.434	32.4663	30.1625	35.3585	36.4959	38.8741	40.5585	37.9385	37.3558	33.6804	31.7942	28.2896	29.5087	29.3077	31.5233	30.7801	29.1969	31.3409	27.0663	30.0598	30.8186	27.4139	27.7993	29.5987	27.8276	23.1214	23.2325	21.262	19.0495	20.7616	22.1882	24.4815	29.8899	33.7022	34.273	37.4827	34.7305	9.76354	12.8762	11.835	7.94803	10.5075	11.7801	13.8257	11.344	7.6308	10.8949	12.25	11.1373	13.948	13.6131	18.1981	18.7926	17.6683	20.891	23.2207	21.6299	17.3291	22.3948	20.8534	22.1133	21.1889	22.0749	24.0929	24.8	24.4925	20.3235	21.6785	19.6229	18.3218	19.2241	15.794	16.8507	16.3713	14.0815	15.0183	
T36:A	25.0649	25.361	26.2898	27.1565	24.7816	27.2438	29.8858	27.3991	25.9776	22.1079	19.0428	13.3817	0	3.34548	3.16325	7.68777	10.8955	13.3565	14.0851	17.036	19.4155	21.1699	22.9713	23.4648	24.7361	24.7208	18.5506	14.2332	12.3283	9.39427	6.06047	3.77499	3.99868	7.7714	8.80267	10.1246	12.3544	11.7374	15.6268	17.3805	18.191	15.8853	12.7706	14.9375	13.064	17.3359	20.9088	21.4294	16.5936	20.4561	23.178	22.4974	19.5008	23.5145	21.2572	16.1591	18.7315	21.6911	23.9255	26.6586	25.0469	25.5258	24.2956	21.3331	24.2467	21.9111	23.8856	23.7241	22.5698	24.3878	26.768	26.7985	27.3418	29.0969	29.4598	32.0421	28.9303	30.4435	32.0372	26.9973	32.6559	34.1898	29.6221	30.8441	28.1338	27.915	29.6454	25.5696	23.9091	21.631	17.8827	11.2224	10.1594	5.35988	7.53425	11.1564	16.3849	20.4561	21.4792	22.9262	24.6487	26.4684	28.6003	25.9782	24.1025	25.8353	23.6604	20.3687	18.7761	17.1029	13.2805	10.8511	13.3447	15.123	18.2765	14.0832	20.4235	22.869	22.4529	22.8399	18.7232	18.1232	14.4898	12.6916	8.88636	6.53811	4.36514	5.41644	7.54366	11.3733	12.723	15.4946	17.2675	19.3355	21.7819	4.4111	3.36964	9.59686	11.682	8.17773	14.8181	14.6715	14.5041	18.4492	13.9919	17.0908	16.1393	20.9589	25.8121	28.2913	29.0879	25.6985	24.6178	20.6283	18.8206	15.2964	17.5104	18.3117	20.9133	19.5014	20.024	22.4224	20.0173	23.1401	24.4666	21.6799	23.8447	26.1189	24.8059	21.3634	22.8193	23.1708	19.6256	18.6271	17.3004	18.3176	20.2593	25.6984	25.4235	27.2777	24.0539	18.1259	21.4499	22.8469	20.1237	24.2387	26.5371	27.6033	25.5868	22.1356	23.5338	24.432	21.5826	20.1516	16.25	19.6326	18.6881	15.7023	16.8767	16.764	16.0283	12.7747	13.9622	11.1077	11.266	14.1457	16.8579	20.5732	24.091	24.6665	21.4936	24.1531	22.6902	22.4847	24.6015	20.4303	24.2617	24.1555	25.4967	27.7628	
Y39:A	22.2479	21.6026	21.7547	22.5056	19.7908	22.7047	24.7064	22.352	20.7097	16.8192	13.7611	10.2315	3.34548	0	1.34141	3.06156	5.37204	7.70417	8.2379	11.2989	13.6918	15.3443	17.2385	17.8558	18.8496	19.129	12.8593	9.11867	6.84166	3.74279	3.64155	3.50077	6.19752	11.7149	11.3862	12.5806	15.0849	12.271	17.1929	18.6736	17.741	14.7311	11.6112	13.7387	14.7869	19.6563	23.1839	23.9869	19.3632	21.9435	25.1424	25.0097	21.9747	24.4393	21.4661	16.2812	23.1235	25.8891	27.6275	29.8759	28.4285	28.1599	27.3949	23.5218	27.7535	25.9549	27.9155	28.8466	28.2838	30.2715	32.5366	32.5145	32.7555	34.1785	34.6462	36.7077	33.4769	34.8335	35.8172	30.794	36.0223	37.6622	33.3448	35.0276	32.4175	32.6388	34.8586	30.534	29.3359	27.3373	23.5831	17.253	15.766	10.6322	12.0071	15.0714	18.7666	24.2404	23.5396	25.9786	28.3453	30.1211	32.4789	30.5469	28.197	29.9875	28.5415	25.2218	23.1942	20.7937	17.3591	14.5687	17.7253	20.1883	23.6046	19.883	26.2326	28.8596	28.5299	28.7802	24.6036	24.0416	20.3513	18.1982	14.4376	10.9373	9.52225	9.01107	11.1138	13.8045	16.5414	18.8831	20.2443	23.1948	25.9181	5.95331	5.98587	11.8295	12.7354	8.47951	16.9672	15.0383	14.7029	20.2353	17.5624	20.6283	18.1692	23.7151	27.6012	29.8177	30.9914	27.5728	26.3044	22.3904	20.3259	16.8411	18.5208	18.7398	21.2199	20.427	19.9912	22.4387	19.6074	22.8471	24.4012	21.9385	23.2404	25.3607	24.6931	20.7332	22.6492	22.6191	19.7164	19.374	18.0732	19.5179	21.7682	26.5891	25.9388	28.3423	24.8029	17.9824	21.2054	22.3358	18.6676	22.2214	23.6017	24.8312	22.205	19.3285	21.0244	20.8404	18.2525	16.7498	11.4916	16.4955	14.862	13.2831	14.0346	14.3891	12.7406	10.1534	12.6562	10.1126	11.0989	13.3171	15.4782	19.1808	22.2273	22.9303	19.2235	21.9506	21.0153	20.2657	22.637	19.5091	22.3157	23.1638	24.2285	26.2558	
P40:A	22.6449	21.9172	21.4773	22.679	19.879	23.267	25.2335	23.5583	22.6838	18.7308	17.464	13.6231	3.16325	1.34141	0	3.21133	3.58427	7.38574	7.41953	9.93925	13.1782	14.419	16.1445	17.6708	18.9773	19.8517	14.8007	10.5491	10.886	7.7057	8.01815	7.37318	9.27549	13.9451	14.3984	15.3739	17.8228	16.2427	19.961	21.8064	21.283	18.7876	15.4464	16.264	17.0219	22.1586	25.6595	26.6541	21.9313	24.6732	27.9417	27.825	24.8167	27.2343	24.1447	19.0409	20.9997	23.3753	25.314	27.0611	25.2445	24.8883	24.5064	20.4759	26.0657	25.4677	27.7763	28.6898	28.2529	30.109	32.2674	31.3144	31.1344	32.2902	33.3256	35.3661	32.2575	33.1534	34.2866	29.6324	34.0206	35.0474	30.706	32.2768	30.1151	30.1869	32.9652	28.7559	27.8965	26.1217	22.658	17.6581	16.8965	12.4219	13.8156	16.3046	20.088	24.9135	24.3915	26.1471	28.7738	30.7725	33.2066	31.219	29.11	31.0099	29.4588	26.4024	24.268	22.3271	18.7938	16.5691	19.3361	21.4688	24.7273	20.375	26.6801	29.3978	28.5238	28.5363	24.4952	24.4425	20.7422	19.0107	15.3563	12.5413	10.3209	8.91266	11.5751	13.7828	16.1924	17.4879	19.7271	22.3002	24.5339	3.93736	4.14523	8.47254	9.11704	6.21356	13.5978	11.9242	14.168	17.5692	15.1751	17.8552	15.6463	21.7953	27.5344	29.6688	30.2297	26.7151	24.8851	20.8945	18.5416	15.1525	16.5485	16.7243	19.4421	19.1483	19.0447	21.9662	19.9378	23.1617	24.8768	22.7449	24.2036	26.4454	26.2356	22.499	24.7104	24.9486	22.1494	21.5708	19.7261	20.959	22.2163	27.0012	25.9536	27.7731	24.006	20.5189	23.7093	24.7899	21.1435	25.2907	26.0598	26.1739	23.451	21.4814	22.3436	21.6624	18.843	16.8765	10.5953	15.2767	13.0266	12.4451	11.6368	11.5216	9.59656	7.34478	9.91203	6.79942	8.35856	12.5812	14.5595	19.4089	22.083	23.7388	19.1347	22.5354	22.5565	21.1726	23.9136	21.8483	23.7178	25.456	26.2123	28.509	
N43:A	20.9532	19.8772	19.3085	20.1584	17.0725	19.9983	21.4383	20.0792	19.2028	15.4392	13.4712	11.4779	7.68777	3.06156	3.21133	0	1.33115	4.46479	3.00444	6.07632	9.18499	10.1	12.1889	13.7593	14.6136	15.923	11.3983	7.39453	7.15203	5.16963	6.71773	7.08527	9.98649	16.648	15.3686	16.9293	19.2369	15.6571	20.1198	21.8557	20.0761	16.8796	14.0351	14.6333	19.898	24.5742	28.015	28.5899	24.3356	25.9108	29.154	28.7374	25.5537	26.8665	23.488	19.0418	25.3391	27.9735	29.5956	31.4557	30.17	29.934	29.7661	25.7795	31.6935	30.8993	33.1844	33.7185	32.8811	34.5997	36.8738	35.8316	35.9929	37.2981	38.4314	40.7618	37.7388	38.571	39.8873	35.2272	39.5775	40.3847	35.9637	37.2678	35.3543	34.9337	37.5191	33.0594	32.2459	30.8064	26.925	21.3807	19.4721	14.9526	16.7518	20.9635	24.4458	30.136	29.0696	31.5887	34.1459	36.0638	38.4101	36.2119	34.1399	35.8914	34.0642	30.8441	28.9418	26.7913	23.1016	20.3291	22.8141	25.2528	28.5566	24.6267	30.9632	33.1992	32.4629	32.4083	28.1771	27.8541	24.0847	21.7427	18.2207	14.2529	13.2833	12.0132	14.1353	16.1083	19.261	20.9339	22.7735	25.6677	28.3161	9.57069	8.52133	13.8227	13.4192	9.52566	18.1372	15.0292	16.1854	21.4877	19.6305	23.0469	21.2252	27.4582	32.4679	34.4401	35.4729	32.0452	30.3811	26.5345	23.9035	20.4713	21.0835	20.7555	23.2065	23.68	21.575	25.1089	22.474	25.7229	27.6582	25.7871	25.8249	27.9913	28.0648	23.7827	25.5803	25.0894	23.002	23.564	22.7223	24.5153	26.897	30.8698	29.5755	32.1469	28.1658	19.5192	22.5381	23.0436	18.8924	22.7277	23.0248	23.3535	20.543	18.6414	19.764	19.141	16.803	15.4042	8.79541	15.1389	12.5637	12.5963	12.4669	12.8754	10.2772	7.44894	12.4576	8.25929	12.3706	14.9637	16.2298	20.5667	22.869	24.2339	19.4069	22.4833	22.2861	20.0431	23.0921	21.5249	22.2058	23.9684	24.0332	25.8179	
L44:A	19.2592	17.6034	16.1048	17.3376	14.2877	17.8276	19.6438	18.6095	18.2794	14.6897	14.9937	13.3785	10.8955	5.37204	3.58427	1.33115	0	3.29109	3.16315	3.23082	6.97955	7.91511	9.3617	11.1211	12.7173	14.3921	11.2958	8.12454	9.94323	7.97469	10.552	11.7185	14.3499	19.677	18.9339	19.3339	21.6928	18.9648	22.3507	24.1388	22.2738	19.6043	16.7228	16.3795	21.6682	26.5408	29.9077	30.6828	26.4961	27.6783	31.0945	30.841	27.6243	28.6493	24.9295	20.6448	27.0455	28.9217	30.4736	31.4743	29.3204	28.0906	28.3794	23.2751	30.3239	30.7662	33.3813	35.273	35.5139	37.3788	39.2996	38.1839	37.4752	38.1774	39.4193	40.6798	37.5196	38.3183	38.7968	34.4712	37.8668	38.8255	34.9509	36.9635	35.1136	35.7246	39.1769	35.114	34.6851	32.9924	29.9334	25.5464	24.3725	19.3371	20.3736	23.1842	25.6825	31.2228	29.3524	30.7493	34.5971	36.7177	39.3809	38.0404	35.748	37.8172	36.8581	33.6009	31.4664	28.7034	25.7291	22.7403	26.1397	28.6656	32.0843	28.1817	34.496	37.2536	36.1636	36.1247	32.2112	32.3042	28.5704	26.5599	22.9036	19.5271	17.9346	16.5792	19.0181	20.5127	23.4749	23.6136	26.3188	29.0086	30.9486	9.15358	11.7466	13.2052	10.2892	11.2665	17.729	14.068	19.3382	21.9224	21.1948	22.8931	18.9914	25.8108	30.9888	32.5709	33.1617	29.7884	27.6474	24.0304	20.9158	17.1729	17.2693	16.31	19.045	20.5015	17.2859	21.9636	20.3963	23.4769	25.7649	24.9714	24.2432	26.8061	27.9412	24.0572	26.056	25.5089	24.1582	24.7986	23.6875	25.2108	26.3425	29.576	27.2555	29.3948	25.0735	21.1111	23.71	24.2477	19.9151	23.6208	22.7766	22.334	19.389	18.2891	19.0757	17.4715	15.3276	13.3357	5.40929	12.2061	9.45065	10.0237	8.44097	7.85737	5.39093	4.16275	7.25592	3.58677	8.46542	12.0547	13.3489	18.7776	20.9798	23.2604	17.8428	21.2011	21.828	18.4417	22.2481	21.4966	21.5229	23.628	24.0975	25.909	
G46:A	17.566	15.5081	14.1335	14.248	10.8738	13.4739	14.9784	13.7299	13.2146	9.67096	10.3701	10.1642	13.3565	7.70417	7.38574	4.46479	3.29109	0	1.33588	3.37464	3.17189	5.08393	7.12643	7.36776	8.69361	9.64899	6.4347	3.95562	6.60417	7.10619	10.1979	12.7473	15.2902	20.0468	18.5204	18.6622	20.8538	17.3124	20.4061	21.9286	19.0484	16.6097	14.1319	12.6726	21.6112	25.9197	29.1514	29.6231	25.8669	26.292	29.5731	29.068	25.7066	26.0574	22.4677	18.772	32.5439	34.8446	36.662	38.135	36.1526	35.2692	35.1729	30.3828	36.2567	35.2407	37.3116	38.8698	38.5514	40.5695	42.7906	42.6335	42.4969	43.646	44.4086	46.0672	42.7585	43.9907	44.5659	39.761	44.1959	45.6317	41.5781	43.4623	41.2436	41.6606	44.5118	40.3171	39.3758	37.3447	33.8898	27.8434	26.24	20.8424	21.3134	24.1738	26.9112	33.5692	31.6028	34.702	37.5262	39.2041	41.6588	40.2102	37.4635	39.3058	38.2964	34.7023	32.776	29.4358	26.7907	23.2661	27.0007	29.825	33.3536	30.0747	36.4516	39.236	38.9875	39.3637	35.2407	34.7294	31.0567	28.9011	25.1352	21.4681	20.2292	19.5975	21.9633	24.3138	27.1801	28.6834	30.8903	33.5522	35.9715	14.063	15.4464	19.2944	17.8306	16.7976	24.4102	20.9875	24.2217	28.3642	26.6777	29.0327	25.4861	31.8606	35.1715	36.9223	38.37	35.0697	33.5351	29.8666	27.086	23.6261	23.4964	22.5878	25.1257	26.1151	22.5423	26.6079	23.5814	26.712	28.7138	26.4224	26.0177	28.0351	28.3219	23.8118	25.253	24.2825	22.9159	24.0093	24.1505	26.2911	29.4534	32.5659	31.288	34.3132	30.3784	18.3676	20.9614	20.8064	16.2845	19.4336	18.345	18.3583	15.1722	14.4782	15.8556	14.2613	13.258	12.1896	5.55242	12.6075	10.4767	10.9459	12.2224	13.7873	11.5187	6.77803	13.7977	10.8737	15.1355	15.8473	16.244	20.1934	21.8175	23.1342	17.9443	20.7446	20.802	17.1967	20.8791	19.584	19.5225	21.4252	21.0648	22.1367	
P47:A	19.4502	16.9666	14.6682	15.1641	11.7461	14.4091	15.4531	15.0017	14.6272	11.7326	12.1755	12.1067	14.0851	8.2379	7.41953	3.00444	3.16315	1.33588	0	1.32688	3.30424	2.82005	5.00477	6.86265	7.86032	9.77742	8.19475	5.67091	8.07748	8.13216	10.9741	13.0613	15.9807	21.6611	20.0951	20.6559	22.7489	18.9507	22.7178	24.1187	21.1271	18.5467	16.2632	14.6896	24.088	28.449	31.7693	32.122	28.2306	29.0592	32.2168	31.4799	28.1181	28.4609	24.8718	21.4878	32.4327	34.6519	36.2608	37.6402	35.9905	35.1748	35.2995	30.5664	37.0497	36.54	38.7309	40.0414	39.5946	41.486	43.7075	42.997	42.8817	43.9842	45.0499	46.8666	43.6669	44.6451	45.4268	40.7821	44.8837	45.8835	41.7645	43.4515	41.536	41.6141	44.5506	40.202	39.4854	37.8331	34.2068	28.5267	26.6616	21.6302	22.6125	26.0864	29.1119	35.3568	33.7299	36.3836	39.2885	41.0864	43.5477	41.8968	39.3586	41.1938	39.9345	36.4492	34.5129	31.5478	28.5296	25.1632	28.5374	31.2761	34.7514	31.2235	37.6153	40.1712	39.7308	39.7933	35.6081	35.2238	31.4838	29.1907	25.5504	21.5007	20.5925	19.5466	21.7694	23.5044	26.8213	28.0126	30.2112	33.0635	35.5638	14.6867	15.6915	19.4182	17.3789	16.1256	23.9924	19.7265	22.8054	27.5638	26.4441	29.158	26.021	32.6143	36.9504	38.7719	39.8404	36.4584	34.6682	30.9313	28.0599	24.458	24.5894	23.6579	26.3197	27.555	23.9835	28.3811	25.7621	28.9115	31.0014	29.0777	28.6008	30.6919	31.1199	26.691	28.1418	27.0966	25.8232	26.882	26.7284	28.75	31.4514	34.8126	33.2741	36.0035	31.9109	20.7692	23.319	23.0281	18.453	21.3342	20.4675	20.5171	17.3167	16.5226	17.8309	16.2191	15.1022	14.1604	6.74203	14.0989	11.2978	12.977	13.4946	14.4269	11.6224	7.07583	14.5934	10.374	15.8397	17.9232	18.3909	22.6944	24.1948	25.7353	20.2781	23.2309	23.4744	19.3835	23.321	22.0511	21.7324	23.6126	23.1369	24.1679	
A48:A	17.199	14.6674	11.9404	12.8846	9.8009	13.2316	14.7933	14.6526	14.8547	12.309	13.6754	14.1919	17.036	11.2989	9.93925	6.07632	3.23082	3.37464	1.32688	0	3.20671	3.19044	3.19507	5.24585	7.4237	9.72905	9.94069	7.34729	10.5656	11.3228	14.3375	16.5836	19.3606	24.4521	22.8906	23.0711	25.2212	21.7513	24.702	26.234	23.2113	20.8664	18.5172	16.5478	25.3986	30.0089	33.0606	33.8389	30.1873	29.7403	33.6066	33.1346	29.6451	29.5197	25.5821	22.4821	35.1463	37.1957	38.7632	39.8285	37.6627	36.3235	36.6051	31.3518	38.0366	37.8392	40.1433	42.2425	42.3223	44.2895	46.4347	45.8378	45.4329	46.265	47.2529	48.4288	45.1354	46.2184	46.4538	41.9356	45.6289	46.9347	43.0614	45.2843	43.2965	44.0116	47.2632	43.0251	42.3795	40.605	37.1885	31.6749	30.1237	24.9245	25.6214	28.2034	30.2149	36.9694	34.3768	37.0059	40.5893	42.3859	44.9835	43.8934	41.1042	43.0895	42.4024	38.945	36.8401	33.3539	31.0398	27.6234	31.3473	34.115	37.6213	34.1359	40.4778	43.2547	42.7483	42.9156	38.7936	38.4755	34.7509	32.5997	28.9126	25.0991	23.9572	22.8268	25.1623	26.8982	30.093	31.0041	33.4255	36.186	38.532	16.6584	18.6352	21.3999	18.5672	18.9721	26.0816	21.9829	26.1567	30.0437	29.1457	31.1418	26.9097	33.4832	36.9208	38.0196	39.6666	36.4546	34.6689	31.2472	28.0466	24.5287	23.7453	22.0398	24.8314	26.6667	21.6135	26.7294	24.2298	27.1362	29.3944	27.5126	26.3553	28.5899	29.7325	25.5109	27.1343	26.3207	25.6922	26.7836	26.6479	29.0545	31.7344	33.9766	32.0285	34.9761	30.8766	21.8478	23.8542	23.6957	19.303	22.1733	20.3733	19.4079	16.4268	16.2301	16.9098	14.5806	13.3933	11.8816	3.94847	10.7754	7.95574	9.75775	10.1807	11.6093	9.22593	3.80443	12.9469	9.14285	15.8367	16.3348	15.6548	20.1366	21.1488	23.1781	17.4893	20.8017	21.9837	17.2742	21.7755	21.2464	20.3793	22.533	22.62	23.8547	
H50:A	16.9813	14.0796	12.0036	12.0761	8.60273	10.4344	10.882	10.2389	9.16756	7.02507	8.5391	11.4898	19.4155	13.6918	13.1782	9.18499	6.97955	3.17189	3.30424	3.20671	0	1.32337	3.11365	3.02728	3.0118	5.18814	4.28208	5.23935	8.39494	10.8585	14.2533	17.216	20.0253	25.1807	22.6318	23.0496	24.5856	20.2513	23.624	24.0321	20.2438	17.9461	16.8904	13.5426	26.3741	30.2004	33.2054	33.3754	29.8929	29.5052	32.7704	31.9543	28.4538	28.0774	24.3644	21.8823	38.4734	40.692	42.3757	43.6996	41.7971	40.7578	40.8613	35.8718	42.0912	41.1726	43.2276	44.919	44.5906	46.6263	48.8714	48.7237	48.5882	49.6983	50.5121	52.0808	48.7567	49.9831	50.437	45.6804	49.9255	51.3118	47.3513	49.2663	47.1706	47.5732	50.5118	46.2355	45.4019	43.4543	39.9444	33.6825	31.2667	26.1082	26.6785	29.7151	32.2394	39.2377	36.9549	40.3501	43.2482	44.8218	47.2601	45.9207	42.9797	44.8506	43.9696	40.2118	38.4153	34.7374	32.344	28.5377	32.2951	35.3475	38.9075	35.9281	42.3311	45.023	44.988	45.261	41.0368	40.3855	36.7019	34.208	30.5527	26.0824	25.6816	25.1698	27.2499	29.2103	32.5131	34.0243	35.748	38.909	41.5358	20.0478	21.4814	25.1246	22.9477	22.2377	29.9849	25.9294	28.8321	33.7906	32.5268	34.9142	31.1712	37.6576	40.5528	41.9205	43.7134	40.5511	39.0095	35.4718	32.5104	29.0369	28.4657	27.0176	29.6915	31.0483	26.4449	31.0673	27.9551	30.8934	32.9448	30.2314	29.3455	31.4173	31.9358	27.3537	28.3607	26.8701	26.2598	27.8481	28.6172	31.084	34.8386	37.2921	35.951	39.1669	35.2889	20.3936	22.4534	21.7402	17.2315	18.243	16.6776	17.1682	13.9041	14.0342	15.1949	13.0122	12.7887	12.4926	6.87504	13.3756	10.886	13.5503	14.8434	16.9439	14.6734	9.06571	18.0306	14.2991	20.3854	20.2449	19.7451	23.4091	23.9769	25.5083	19.5035	22.4921	22.8535	17.6484	21.9496	20.8185	19.8498	21.7233	21.0294	21.5446	
E51:A	19.0712	15.951	12.7101	12.8497	9.81311	12.0343	12.3533	13.0274	12.7874	10.8003	12.5522	14.6115	21.1699	15.3443	14.419	10.1	7.91511	5.08393	2.82005	3.19044	1.32337	0	1.32941	3.45658	3.91183	7.27946	8.44642	7.81481	11.4092	13.647	16.872	19.622	22.4564	27.5764	25.2926	25.6281	27.2938	23.3147	26.279	27.1283	23.6127	21.4673	19.752	16.6599	28.989	32.8972	35.9247	36.1205	32.6228	32.2383	35.5367	34.689	31.2059	30.7857	27.0904	24.6387	39.2483	41.1833	42.3144	43.1695	41.5544	40.2348	40.9467	35.7406	43.2738	42.9866	45.1569	46.8473	46.5463	48.5232	50.7387	50.2333	50.0229	51.0156	52.0621	53.6029	50.3365	51.308	51.7289	47.2673	50.6573	51.347	47.5723	49.4077	47.9437	48.1636	51.624	47.2996	46.7518	45.0231	41.4769	35.6174	33.5647	28.3793	28.9668	32.0917	34.6089	41.512	39.1996	42.2845	45.3988	47.0627	49.5427	48.2127	45.3824	47.2245	46.285	42.606	40.7498	37.2081	34.7089	31.0012	34.6606	37.6542	41.1961	38.0279	44.4344	47.0897	46.848	47.0365	42.8543	42.3761	38.6612	36.3083	32.6387	28.3877	27.7071	26.8469	29.0385	30.7488	34.1034	34.8239	37.4068	40.259	42.561	21.4674	22.9513	26.0685	22.2952	23.0779	29.8158	24.6929	29.4793	33.2653	33.3604	35.6578	31.9573	38.7652	42.4119	43.6718	45.2519	42.0178	40.1231	36.6638	33.4652	29.8273	29.1482	27.3194	30.188	32.2451	26.9097	32.2774	29.7401	32.6441	34.7987	32.354	31.3628	33.4245	34.2039	29.7144	30.8235	29.4067	28.8938	30.4316	31.0203	33.5038	36.9044	39.2981	37.6508	40.5765	36.4365	23.0632	25.1393	24.2588	19.7754	21.6946	19.6109	19.1386	15.9408	16.3458	17.5229	15.095	15.125	14.5462	8.19831	14.8583	11.3026	15.0124	13.7009	16.4293	13.0661	9.03286	18.1849	12.8143	21.0832	21.9266	21.0206	25.2058	25.7392	27.528	21.3792	24.5229	25.2094	19.7613	24.2515	23.3559	22.2433	24.1669	23.429	23.8241	
