		V11:P	H12:P	Q13:P	A14:P	I15:P	S16:P	P17:P	R18:P	T19:P	L20:P	N21:P	A22:P	V24:P	K25:P	V26:P	E28:P	E29:P	K30:P	A31:P	S33:P	P34:P	E35:P	I37:P	P38:P	M39:P	S41:P	A42:P	L43:P	E45:P	G46:P	A47:P	T48:P	Q50:P	D51:P	N53:P	T54:P	L56:P	N57:P	T58:P	V59:P	G60:P	G61:P	H62:P	Q63:P	A64:P	M66:P	Q67:P	M68:P	K70:P	E71:P	I73:P	N74:P	E75:P	E76:P	A77:P	A78:P	E79:P	W80:P	D81:P	R82:P	V83:P	H84:P	P85:P	V86:P	H87:P	A88:P	G89:P	P90:P	I91:P	A92:P	P93:P	G94:P	Q95:P	M96:P	R97:P	E98:P	P99:P	R100:P	S102:P	A105:P	G106:P	T107:P	T108:P	S109:P	T110:P	L111:P	Q112:P	E113:P	I115:P	G116:P	M118:P	T119:P	N120:P	N121:P	P122:P	P123:P	I124:P	P125:P	E128:P	I129:P	K131:P	R132:P	W133:P	I135:P	L136:P	N139:P	K140:P	V142:P	R143:P	M144:P	Y145:P	S146:P	P147:P	T148:P	S149:P	L151:P	D152:P	I153:P	R154:P	Q155:P	G156:P	P157:P	K158:P	E159:P	P160:P	R162:P	D163:P	V165:P	D166:P	R167:P	Y169:P	K170:P	T171:P	L172:P	R173:P	A174:P	E175:P	Q176:P	A177:P	S178:P	Q179:P	E180:P	V181:P	K182:P	N183:P	W184:P	T186:P	E187:P	T188:P	V191:P	Q192:P	N193:P	A194:P	N195:P	P196:P	D197:P	C198:P	K199:P	T200:P	I201:P	K203:P	A204:P	L205:P	G206:P	P207:P	A208:P	A209:P	T210:P	L211:P	E212:P	E213:P	M214:P	M215:P	T216:P	A217:P	Q219:P	G220:P
V11:P	0	1.32749	3.88779	7.14151	10.2589	12.2177	14.5167	17.1661	15.018	17.3677	19.8958	21.4764	23.4742	25.8645	24.9024	29.1806	31.0363	30.104	30.6467	31.5624	30.67	28.4096	24.2779	23.1715	21.3889	18.3647	17.2906	15.5309	12.4295	9.82868	11.3998	8.82412	11.7405	9.93229	17.4866	15.6627	20.8109	22.2813	20.663	24.7264	27.9102	31.3099	31.6684	33.4303	34.525	26.7938	32.1723	31.1765	28.7275	30.688	24.5807	28.3263	30.2804	27.4006	26.403	29.0767	29.8396	23.067	27.2908	31.1175	29.5766	26.3273	30.0253	26.4449	28.9128	30.6202	30.1555	26.8472	30.5084	28.2988	25.6255	22.6425	19.2807	15.1563	20.0465	21.8082	19.5303	22.1859	21.5415	19.5806	18.2181	20.4168	20.1425	16.4531	13.5857	8.37459	9.74483	12.7698	6.90163	10.6258	10.4082	8.56355	12.9249	15.9657	17.7788	15.2269	15.306	15.5086	15.3783	18.4165	17.3061	21.2748	23.4668	22.9431	26.9523	29.4315	32.3764	32.0471	35.7708	37.1283	35.763	38.0699	41.6096	45.2595	46.6639	49.865	46.278	50.5132	51.5707	55.7808	56.096	56.3178	59.1828	56.6478	60.9654	61.7241	58.4804	59.3478	57.4136	52.6811	56.7309	53.9582	50.9536	54.3294	54.1117	50.0714	49.718	49.6098	53.1013	55.8078	59.2555	60.4251	55.8636	56.7044	60.9854	55.7191	60.5155	63.0697	61.3668	61.3669	57.3616	54.366	59.2324	60.0283	60.2089	64.0799	64.5528	60.2122	66.5214	68.8934	65.6729	71.5426	71.9958	70.8686	69.3543	71.4139	70.1052	70.1517	65.4638	70.0659	71.6733	67.0443	66.6892	71.0094	70.9684	69.4594	68.3693	
H12:P	1.32749	0	1.32592	3.7922	6.10552	9.3119	11.2373	14.224	13.0515	12.781	16.0743	18.1428	18.8436	21.8937	21.7463	24.857	27.0687	26.8797	26.2715	28.0572	27.7854	25.7435	21.5399	21.1898	18.9407	16.5444	16.0092	13.1647	11.3377	8.13942	7.88386	4.2179	5.10464	5.27947	11.7251	9.44624	15.2316	16.0851	15.0643	19.0896	22.2785	25.4987	26.4127	27.4589	28.86	21.0565	26.3286	25.75	22.9545	24.9556	19.3079	22.6284	24.9465	22.689	21.0821	23.9337	25.407	19.5513	22.5078	26.7601	25.91	23.0852	26.3078	23.211	25.244	26.523	26.1291	23.4065	27.5594	26.4007	23.9467	22.1057	17.9558	12.3905	15.2597	18.1291	15.5658	17.2845	15.7453	13.6306	12.189	14.2684	14.3727	10.4484	8.18863	3.15377	6.43258	8.62183	3.47701	7.96741	6.84093	8.87764	13.0033	16.5069	16.991	14.9731	12.9357	13.2603	12.7138	15.1425	14.8845	17.6554	18.5512	19.9214	22.9651	25.9352	28.1082	28.1447	31.6261	32.0952	30.5585	34.2656	37.7648	41.1681	42.8733	46.9133	42.8417	46.4638	48.5302	51.934	52.0359	52.3968	55.0314	52.2982	56.4018	57.2006	53.9573	55.0039	52.8482	48.3803	52.3204	49.2158	46.8482	50.1205	49.6701	45.8654	45.9571	45.7561	49.502	52.4419	55.7671	57.2171	52.7424	52.7981	57.5031	52.7416	56.9184	59.5462	58.1467	57.9553	54.4356	50.9202	55.667	56.2877	56.7547	60.513	60.6629	57.1645	63.1096	65.3635	62.7318	68.2147	68.2674	67.5578	66.1448	68.1682	66.4743	66.2572	61.3944	65.7508	67.6603	63.3109	62.3086	66.7613	66.8987	65.0794	64.1664	
Q13:P	3.88779	1.32592	0	1.32944	4.07739	6.28901	8.88936	10.8915	9.47112	11.23	13.7745	15.4566	17.2318	19.6939	19.045	22.9994	24.9218	24.3551	24.7202	26.1203	25.6662	23.2156	19.3948	18.4882	16.2341	13.9894	12.7672	10.2348	8.48625	6.93639	7.08886	6.07687	8.3279	4.70742	12.4234	10.1908	15.039	16.5902	14.5774	18.6581	21.792	25.2553	25.5553	27.6589	29.0644	21.0893	26.8789	26.434	24.0725	26.213	20.3598	24.5933	26.8231	24.2661	23.6041	26.4981	27.905	22.2912	25.8891	29.7559	28.3873	25.813	29.7539	26.9107	29.6165	30.8581	30.6591	27.7897	31.8806	30.552	28.046	25.9065	21.8977	16.4944	19.9302	22.2161	19.2921	20.7852	19.1505	16.0426	15.3421	17.4656	18.5477	14.6348	12.8767	7.45459	9.92423	13.0522	6.97711	11.8667	9.52244	11.3709	15.6925	19.1962	19.8844	17.1757	15.5603	15.0977	13.1792	16.2342	13.5426	17.8501	19.9781	19.026	22.7772	25.1709	27.6249	26.8033	30.657	31.7504	29.9334	32.8568	36.187	39.9078	41.5373	45.1255	41.5682	45.6162	47.38	51.3886	51.9408	52.4202	55.1934	52.0994	56.5347	56.7856	53.5801	54.2309	52.1969	47.9117	51.3117	48.4833	45.7105	48.9615	48.43	44.5248	44.4168	43.9058	47.5738	50.3495	53.7463	55.17	50.7196	51.137	55.7114	50.8869	55.3998	58.0316	56.641	56.8752	52.9867	49.7819	54.8264	55.8422	56.3329	60.1324	60.2221	56.1051	62.4064	64.6905	61.3813	67.2313	67.3341	66.2134	64.5564	66.6373	65.1513	65.118	60.4023	64.7907	66.8142	62.2078	61.6478	66.1815	66.4232	64.8943	64.1165	
A14:P	7.14151	3.7922	1.32944	0	1.32936	3.28163	6.19653	8.42447	7.14695	8.47404	10.8952	12.7102	14.3608	17.0822	16.9373	20.521	22.5133	22.4538	22.6753	24.6306	24.5927	21.9799	18.5551	17.7878	15.1911	13.7867	12.2036	9.34751	9.10423	8.4878	7.52575	6.72012	6.08401	4.20741	11.0605	7.54047	12.9679	14.1385	11.786	16.0623	19.0827	22.5702	23.0914	25.3	27.0603	18.9727	25.044	25.0565	22.7414	25.0084	19.5995	23.4761	26.3089	24.1853	23.2422	26.2367	27.9988	23.071	25.853	29.9531	28.9743	26.5617	30.2275	27.57	29.8645	30.8886	30.5679	28.2017	32.4756	31.8547	29.4571	27.7283	23.5699	17.8342	19.3947	22.6604	19.7532	20.7503	18.2994	15.0859	14.2077	16.1141	17.355	13.2794	11.874	6.89889	10.2181	13.5565	8.16606	13.3665	10.5689	13.8203	17.8474	21.4111	21.65	18.9972	16.8406	16.3112	14.4029	17.1182	13.8338	18.0064	19.9357	18.8732	22.2879	24.2076	26.6178	25.4706	29.3633	30.0744	27.8341	31.5014	34.6257	38.3722	40.1992	44.102	40.5681	44.4058	46.7309	50.5241	51.1613	51.8437	54.519	51.0014	55.5218	55.4435	52.2737	52.7951	50.6625	46.75	49.6483	46.7688	44.2366	47.3677	46.523	42.793	42.9256	42.03	45.8632	48.6878	52.0303	53.6816	49.3426	49.3797	54.2116	49.7344	54.0296	56.7176	55.5757	55.8664	52.1864	48.831	53.9682	55.0867	55.8104	59.5431	59.3693	55.4728	61.7235	63.9363	60.6154	66.4173	66.2563	65.1697	63.4168	65.5075	63.8775	63.767	58.9246	63.2082	65.5735	61.0186	60.2424	64.9362	65.3893	63.8072	63.2523	
I15:P	10.2589	6.10552	4.07739	1.32936	0	1.32907	3.61334	6.03007	4.08868	4.15106	6.76342	8.28816	9.04723	11.6539	11.2955	14.5837	16.6373	16.5043	16.4273	18.5219	18.8144	16.2289	13.1509	12.8449	9.91366	9.77994	8.84296	5.26847	7.72652	8.28477	5.66643	6.80031	6.36344	3.55282	7.80774	4.66013	7.91628	9.90801	7.39223	10.867	13.8994	17.451	17.2366	19.9597	21.6219	13.7169	20.0538	20.1348	18.2182	20.8204	15.7175	20.5495	22.934	20.9785	21.2006	24.1199	25.7868	22.5724	24.9843	28.842	27.6397	26.0673	30.0241	27.9852	30.5591	31.3075	31.3452	29.2828	33.625	33.1799	31.0549	29.4039	25.2522	19.1486	20.4794	23.2807	20.1619	20.2552	17.4128	13.2526	13.4916	15.116	17.1215	14.0956	13.3117	8.20897	12.7029	14.9874	9.58106	14.8306	11.1057	15.6156	19.3204	22.8732	22.5265	19.7692	17.2227	15.9183	13.0968	15.4784	10.5447	14.6554	16.2124	14.3211	17.6061	18.7334	21.17	19.4935	23.4807	24.2575	21.8678	25.454	28.4451	32.2305	34.1393	38.221	34.745	38.5125	41.1959	44.9098	45.6912	46.6445	49.282	45.3589	49.9671	49.5901	46.4594	46.7875	44.6617	40.9915	43.4949	40.6208	38.1321	41.2055	40.2897	36.5691	36.7625	35.7938	39.6534	42.5218	45.8383	47.5509	43.2557	43.1344	48.0397	43.7524	47.9098	50.6239	49.6384	49.9679	46.4613	43.0293	48.2712	49.5361	50.4903	54.158	53.7411	49.9274	56.171	58.3252	54.9099	60.6956	60.3584	59.2409	57.416	59.5119	57.8134	57.6895	52.821	57.0742	59.6064	55.0353	54.269	59.0398	59.6324	58.1259	57.7546	
S16:P	12.2177	9.3119	6.28901	3.28163	1.32907	0	1.34769	3.05802	3.06608	2.92136	4.92812	6.83848	9.01407	11.3115	11.9537	15.0759	17.0342	17.6172	18.5125	21.0044	21.5539	18.3847	16.3437	15.4659	12.4292	12.8067	10.853	7.89983	9.25075	10.1946	8.41648	9.7983	10.3889	6.76709	11.6139	7.7683	11.3528	12.6695	8.71314	12.7039	15.1763	18.7752	18.9249	22.1741	24.2536	16.6772	23.2953	23.9558	22.0759	24.7648	20.1066	24.5988	27.2945	25.2315	25.0937	28.0691	29.761	25.6451	28.6649	32.3858	31.131	29.1511	33.3165	31.1147	33.9047	34.7717	34.7474	32.7294	37.0781	36.6182	34.4887	32.7448	28.6095	22.5183	23.9068	26.5698	23.3566	23.8404	21.3522	17.2881	17.4076	19.1677	21.0719	17.6286	16.7531	11.6747	15.8331	18.4457	12.7577	18.0977	14.1732	18.1819	22.1479	25.6834	25.3617	22.3112	20.087	18.6606	15.489	18.6566	13.7593	18.6442	20.5892	18.5381	21.9085	22.5808	25.0249	22.6669	26.814	27.4352	24.3326	28.3647	30.903	34.9076	36.9565	40.9187	37.88	41.6985	44.4983	48.4015	49.3538	50.5114	53.1323	48.8468	53.4209	52.7604	49.7025	49.722	47.568	44.3656	46.0438	43.1645	40.8858	43.6316	42.3628	38.8655	39.2069	37.4207	41.4124	44.1493	47.4395	49.3473	45.3169	45.0533	50.1409	46.2115	50.3989	53.1561	52.4084	52.9549	49.3354	46.1691	51.5842	53.0466	54.1587	57.7925	57.1897	53.2091	59.5882	61.7101	57.9096	63.8642	63.4014	62.0643	60.0192	62.1535	60.4876	60.4134	55.5173	59.6551	62.4841	57.9377	57.2392	62.1513	62.9429	61.5334	61.3655	
P17:P	14.5167	11.2373	8.88936	6.19653	3.61334	1.34769	0	1.33371	3.40528	3.49614	2.83622	4.97012	6.83907	9.11858	10.9287	12.2406	15.0664	16.5871	17.6135	20.7477	21.8303	18.4791	17.4033	16.6449	13.5363	15.1773	13.0627	9.54919	12.5391	13.6671	11.4873	12.8572	12.1483	9.25204	12.6728	8.18592	12.059	12.2807	7.90912	11.8493	13.6636	17.1363	17.4756	21.0897	23.4107	16.4834	23.1654	24.4165	22.7114	25.5161	21.6132	25.8003	28.7472	27.3643	27.1002	30.1103	31.9538	28.6241	31.0185	34.8501	33.8696	32.066	36.0495	34.0106	36.4813	37.1881	37.1109	35.1981	39.5515	39.1807	36.7823	35.4445	31.2417	25.3532	26.1227	29.3468	26.18	26.2853	23.301	19.1331	19.2545	20.8474	22.7501	19.5145	18.7934	14.0617	17.1917	20.8276	15.8512	21.0785	17.3989	21.5959	25.5567	29.11	28.7879	25.845	23.3874	21.8856	18.7835	21.6677	16.5865	21.2049	22.44	20.2954	23.3633	23.3426	25.6599	22.772	26.8758	27.0531	23.374	28.138	30.2282	34.2678	36.5245	40.6899	37.8804	41.4686	44.8011	48.5336	49.5992	51.0467	53.5538	48.7769	53.2941	52.3051	49.3363	49.1027	46.8758	44.2328	45.0957	42.2001	40.2458	42.5242	41.0402	37.8291	38.4495	36.0095	40.1638	42.8761	46.0729	48.1042	44.4621	43.7791	49.1325	45.7048	49.6503	52.4532	52.0334	52.6708	49.2783	46.1025	51.6157	53.2395	54.6188	58.1484	57.2362	53.4249	59.7566	61.7863	57.8576	63.7875	63.0392	61.6574	59.4567	61.6003	59.8233	59.6997	54.6994	58.6895	61.8177	57.4545	56.6054	61.6822	62.7348	61.3366	61.4498	
R18:P	17.1661	14.224	10.8915	8.42447	6.03007	3.05802	1.33371	0	1.32914	3.22198	3.01549	2.92402	6.86925	7.88579	8.60517	11.7788	13.4923	14.2226	15.998	18.5583	19.5361	15.9362	15.2916	14.1484	10.9629	13.2559	10.908	6.91694	12.1264	14.3324	12.2045	14.5499	14.0068	11.4161	14.0937	10.0825	12.5805	13.621	9.0594	12.5666	14.3084	17.7792	17.1632	21.4072	23.5781	16.8125	23.4365	24.3134	22.9316	25.8125	21.6237	26.4303	28.8935	27.0087	27.9243	30.7579	32.2947	29.3863	32.4308	35.768	34.4133	32.9568	37.4057	35.7309	38.6047	39.2698	39.2994	37.5177	41.8925	41.6564	39.4993	37.9662	33.8052	27.7046	28.4561	31.3978	28.1216	28.0119	25.1786	20.6994	21.3118	22.7608	24.8164	21.8418	21.3311	16.5761	20.4064	23.4102	18.0759	23.3801	19.325	23.4809	27.4734	30.9954	30.5039	27.2503	24.9207	22.6911	18.7013	22.025	15.526	20.6302	21.8547	18.967	22.2935	22.0466	24.4961	21.1517	25.4555	26.2443	22.5717	26.3668	28.3926	32.6287	34.7223	38.4364	35.9488	39.905	42.7125	46.8941	48.1344	49.5895	52.2211	47.5063	52.0027	51.0475	48.094	47.6845	45.6098	42.8618	43.6516	40.8379	38.6281	40.8802	39.6029	36.2181	36.5623	34.1401	38.1333	40.7148	43.9885	45.9326	42.1913	41.9461	47.0611	43.4398	47.6863	50.4595	49.9255	50.7333	46.9865	44.1655	49.7735	51.5104	52.8354	56.4038	55.5691	51.33	57.8626	59.9403	55.651	61.7902	61.2307	59.5995	57.3277	59.4953	57.9199	57.9533	53.1439	57.1896	60.2036	55.6373	55.2179	60.2054	61.1725	59.9792	60.0502	
T19:P	15.018	13.0515	9.47112	7.14695	4.08868	3.06608	3.40528	1.32914	0	1.33088	3.22862	3.31506	5.46595	7.3679	7.04945	11.0535	12.5971	12.7069	14.0765	16.3115	16.9993	13.6787	12.1616	10.919	8.01571	8.6269	6.42739	3.92336	7.17698	9.6248	7.84199	10.5909	11.7405	8.57479	11.6693	8.86396	9.87786	11.7534	7.74931	10.3635	12.823	16.3661	15.4049	19.4289	21.3848	14.3053	20.8531	21.374	20.0252	22.8903	18.3865	23.5018	25.7074	23.2471	24.323	27.1031	28.2859	24.8579	28.6029	31.6601	29.9592	28.4703	33.1999	31.5536	34.8983	35.8366	36.1742	34.6657	39.0484	38.8722	37.2438	35.1764	31.1979	24.8559	26.042	27.683	24.1815	24.2596	22.0841	17.5493	18.4365	20.1554	22.4861	19.9627	19.6737	14.9126	19.5531	20.9706	15.4625	20.5605	15.5327	20.0951	23.7298	27.083	26.1747	22.8321	20.5551	18.0479	13.7555	17.3431	10.6112	16.1404	18.1015	14.9548	18.7237	18.9405	21.423	18.3828	22.6742	23.604	20.3977	23.8562	26.2212	30.3583	32.372	36.1978	33.3945	37.3501	40.0954	44.1742	45.3131	46.6464	49.2981	44.7994	49.3339	48.5649	45.5515	45.3446	43.2833	40.2051	41.5589	38.7341	36.3564	38.9874	37.8261	34.2507	34.4872	32.6444	36.5701	39.2676	42.5806	44.4615	40.4323	40.2917	45.3002	41.4019	45.6499	48.4052	47.7019	48.3635	44.6793	41.6615	47.1808	48.7955	50.0241	53.6244	52.9085	48.7655	55.2289	57.3337	53.2926	59.3342	58.8592	57.3745	55.2497	57.3973	55.7942	55.7939	50.9894	55.1315	57.9614	53.3451	52.8836	57.7878	58.6211	57.378	57.2991	
L20:P	17.3677	12.781	11.23	8.47404	4.15106	2.92136	3.49614	3.22198	1.33088	0	1.33078	3.38757	3.20522	5.77532	7.36556	9.36519	11.3918	12.7988	12.9642	16.4105	17.8116	14.8248	13.7988	13.4811	10.3459	11.7664	10.0066	6.43514	10.4646	12.5078	9.16991	10.025	7.78281	5.26171	6.78559	3.70014	6.0665	7.14279	3.39261	7.43362	9.61072	13.1785	12.9447	16.6902	18.8815	11.2418	17.8282	18.8042	16.8268	19.5368	15.6194	19.6033	22.641	21.569	21.4115	24.3548	26.2795	24.3315	26.0978	29.713	29.0747	27.8312	31.6717	30.3669	32.9125	33.2102	33.4268	32.2875	36.6883	37.1502	35.4356	34.2996	30.2258	23.9426	23.1079	26.0889	22.7816	21.8761	18.514	13.9379	14.9103	16.0323	18.3294	16.4101	16.8791	13.2458	17.5066	19.6023	15.6937	20.3146	15.7652	22.0031	25.0079	28.4047	27.2347	24.686	21.0552	18.8368	16.2052	17.6849	13.3157	16.4949	16.9275	15.6474	18.3574	18.7921	20.9407	18.1702	22.1571	22.2251	18.6251	23.528	25.7206	29.6311	31.9341	36.411	33.3552	36.7428	40.4079	43.8483	44.8722	46.3873	48.8306	43.9693	48.4856	47.5046	44.5256	44.3659	42.1164	39.446	40.4603	37.5442	35.5919	38.0448	36.5792	33.3037	33.9809	31.8759	36.0471	38.9053	42.0861	44.1134	40.3554	39.5097	44.896	41.467	45.2172	48.0241	47.6171	48.121	45.0073	41.5564	47.0101	48.5941	50.0528	53.5335	52.5427	48.9991	55.1828	57.1741	53.492	59.256	58.4134	57.1966	55.0873	57.2066	55.3145	55.1138	50.059	54.0782	57.1567	52.8548	51.8616	56.9343	57.992	56.5337	56.6731	
N21:P	19.8958	16.0743	13.7745	10.8952	6.76342	4.92812	2.83622	3.01549	3.22862	1.33078	0	1.33112	3.07654	3.25022	5.2942	7.00446	9.17187	10.9211	12.0339	15.52	17.5978	14.3213	14.638	14.1173	10.1878	13.4763	11.9531	7.03599	12.8417	15.1942	12.3565	14.4117	12.8679	10.0795	11.8528	8.57867	10.2814	10.7451	6.08608	9.51926	10.4011	13.6086	12.697	17.4225	19.7106	13.9306	20.3208	21.7664	20.6552	23.534	19.8292	24.1981	26.9712	25.5468	26.1591	29.0123	30.782	28.6711	31.0125	34.374	33.3799	32.2035	36.404	35.0744	37.9155	38.2946	38.5322	37.2747	41.6825	41.932	40.1081	38.7372	34.6309	28.3375	28.1318	30.9049	27.5178	26.8323	23.6647	19.0211	20.0696	21.2363	23.5441	21.4362	21.5975	17.406	21.6988	24.0747	19.3029	24.3406	19.7165	25.0363	28.5466	31.9905	31.0273	28.0524	25.0584	22.6313	18.9788	21.6384	15.6012	19.8674	20.5341	18.2969	21.1894	20.0689	22.2296	18.5073	22.5586	22.778	18.5285	23.2558	24.9413	29.0488	31.4085	35.6486	33.1313	36.6063	40.2843	43.9549	45.223	46.989	49.4269	44.1976	48.6277	47.3661	44.4951	43.9417	41.7529	39.3553	39.6861	36.8307	35.0022	36.9283	35.4106	32.3041	33.0292	30.2109	34.4155	37.1178	40.2679	42.3497	38.9219	38.0347	43.4857	40.4007	44.18	47.0024	46.8184	47.5649	44.3467	41.2269	46.8384	48.6619	50.3029	53.7167	52.5204	48.7623	55.0678	57.014	52.8975	58.8194	57.8772	56.3971	54.0726	56.1841	54.4041	54.2933	49.3059	53.2161	56.4947	52.2033	51.4312	56.5805	57.8116	56.5508	56.8959	
A22:P	21.4764	18.1428	15.4566	12.7102	8.28816	6.83848	4.97012	2.92402	3.31506	3.38757	1.33112	0	3.12871	3.00811	2.87337	6.50902	7.52377	8.30022	9.84321	12.6292	14.5139	11.0926	11.6992	11.2622	6.99448	11.1098	9.40479	4.65371	11.751	14.8464	13.2547	15.9249	14.8746	11.8217	13.4705	10.9009	10.9195	12.1577	7.64507	9.26623	11.0876	14.1418	11.8801	17.2103	19.1949	13.6208	19.7253	20.6508	19.9485	22.9147	19.4069	24.3196	26.2451	24.5836	26.3846	29.0019	30.2514	28.6536	31.6539	34.4192	33.0552	32.273	36.8659	35.9452	39.156	39.6735	40.1805	39.1766	43.5879	43.8358	42.1576	40.5709	36.5194	30.1597	30.1679	32.3348	28.7964	27.9064	25.1187	20.3107	21.8339	22.9856	25.5241	23.6111	23.818	19.5359	24.0889	26.0039	21.0461	26.0986	21.1927	26.0085	29.5721	32.8788	31.77	28.436	25.9752	22.9767	18.0802	21.4225	14.517	18.9242	19.4079	16.3834	19.1563	17.7652	20.0268	15.9374	20.1671	20.9688	16.8869	20.68	22.379	26.6424	28.8215	32.7227	30.3532	34.1592	37.3635	41.3789	42.7608	44.489	47.0402	41.9528	46.3793	45.2291	42.3456	41.7238	39.6788	37.1433	37.5567	34.7702	32.6252	34.7072	33.4378	30.0703	30.4892	27.9624	31.995	34.6448	37.8917	39.8683	36.2037	35.7585	40.953	37.5631	41.6132	44.4058	44.0464	44.8768	41.3812	38.4756	44.1391	46.0125	47.5726	51.0313	49.9474	45.8637	52.3141	54.3128	49.9934	56.0548	55.3097	53.6798	51.3582	53.5206	51.8628	51.8734	47.0533	51.0608	54.1541	49.659	49.246	54.2801	55.3775	54.2401	54.5174	
V24:P	23.4742	18.8436	17.2318	14.3608	9.04723	9.01407	6.83907	6.86925	5.46595	3.20522	3.07654	3.12871	0	1.32655	3.19858	2.83578	4.97158	7.00999	7.43915	11.7584	14.5694	12.2786	12.3016	12.6186	9.30672	11.8538	11.8813	6.00531	13.446	16.5204	13.7133	15.5075	13.5365	11.0077	10.8604	7.95343	8.89101	8.14044	3.3777	6.32434	6.36506	9.27653	7.68893	13.2092	15.381	10.7405	16.6922	18.1748	17.6859	20.6405	17.8032	22.2128	24.6564	23.3349	24.7966	27.417	29.0026	27.8992	30.1019	33.1577	32.1918	31.5745	35.8411	35.1363	38.1417	38.298	38.659	37.8968	42.2723	43.0151	41.4096	40.385	36.3446	30.0534	28.7397	31.4805	28.0148	26.6988	23.3556	18.7041	20.0543	20.828	23.2727	22.0628	22.8478	19.4412	23.4798	25.7118	21.8411	26.4895	21.3907	27.4343	30.4529	33.7273	32.2426	29.3811	25.973	22.9256	18.8304	20.8557	14.9925	18.556	18.3656	16.1655	18.4332	17.0001	18.4499	14.7878	18.455	18.2249	13.5657	18.6788	20.4359	24.3529	26.905	31.6502	28.9933	32.0221	36.1405	39.5941	40.8662	42.8662	45.1432	39.5583	43.9305	42.4877	39.6689	39.0548	36.7966	34.4885	34.7277	31.8407	30.2438	32.0724	30.4318	27.4465	28.4439	25.6198	29.9538	32.8268	35.8856	38.0376	34.7202	33.3183	39.0013	36.2428	39.6034	42.4516	42.4823	43.1105	40.3938	36.9422	42.5019	44.3569	46.2342	49.512	48.0539	44.7439	50.8079	52.649	48.7844	54.4663	53.2509	51.9561	49.6627	51.6944	49.759	49.5214	44.4083	48.2608	51.6513	47.5537	46.5081	51.7395	53.1228	51.7929	52.3256	
K25:P	25.8645	21.8937	19.6939	17.0822	11.6539	11.3115	9.11858	7.88579	7.3679	5.77532	3.25022	3.00811	1.32655	0	1.33015	3.20677	2.84544	4.67416	6.30683	10.035	13.34	10.1292	11.7611	12.5003	8.08242	13.1429	13.3243	7.70613	15.5941	18.8137	16.3491	18.3159	16.7974	13.8874	14.0988	11.5135	11.4993	11.5426	7.35275	8.50244	9.09036	11.8751	9.003	15.3867	17.3665	12.7766	18.7049	19.9357	19.6159	22.5758	20.099	24.4186	26.2871	25.4495	27.2455	29.7753	31.2316	30.4115	32.6256	35.5958	34.58	34.1019	38.4313	37.8388	40.8689	41.0629	41.6038	40.9801	45.3588	46.0781	44.6673	43.3209	39.3492	32.9577	32.0221	34.273	30.7957	29.4181	26.2622	21.4974	23.212	23.8156	26.5616	25.5425	26.3204	22.6798	27.1144	28.7173	24.5425	29.2646	24.142	30.0072	33.1172	36.3856	34.905	31.952	28.6698	25.5181	21.0605	23.2842	17.177	20.8377	20.5109	17.7706	19.8084	17.5713	19.1106	14.6438	18.4398	18.8417	13.9119	18.1371	19.2089	23.4291	25.8317	29.9834	27.9574	31.3748	35.2614	38.9606	40.5106	42.6258	45.0034	39.3318	43.6192	42.0743	39.339	38.3571	36.287	33.8655	33.8312	31.0729	29.3006	30.79	29.331	26.2809	27.014	23.7707	27.973	30.6317	33.7565	35.8637	32.639	31.6593	37.1306	34.3862	38.0485	40.8768	40.9243	41.8421	38.7433	35.8097	41.5263	43.6023	45.5129	48.7842	47.3007	43.496	49.7947	51.6537	47.2424	53.1921	52.0988	50.4401	47.9668	50.0375	48.3264	48.2813	43.389	47.2272	50.6133	46.3403	45.8095	50.9849	52.3743	51.2916	51.9224	
V26:P	24.9024	21.7463	19.045	16.9373	11.2955	11.9537	10.9287	8.60517	7.04945	7.36556	5.2942	2.87337	3.19858	1.33015	0	3.02067	2.95215	2.70266	3.83619	7.27661	9.36438	6.221	6.99059	7.70611	4.05168	8.7687	9.12516	4.65333	12.4154	15.8824	14.6618	17.3593	16.9778	13.8134	14.6036	12.7291	11.4979	12.9125	9.22835	8.1862	9.95728	12.2024	7.8387	14.2675	15.8163	11.9994	17.0409	17.5573	17.9483	20.8399	17.7868	22.611	23.2172	21.9964	24.743	27.3914	27.9218	27.3289	30.5104	32.8024	31.1412	30.9703	35.8188	35.548	38.9327	39.6479	40.5167	40.1579	44.4735	45.1823	44.1192	42.276	38.4553	32.0137	31.6622	32.7459	29.1534	27.8593	25.5709	20.7953	22.7402	23.4963	26.4442	25.4186	26.4907	22.6095	27.1246	28.0334	23.5918	28.2144	22.5948	28.096	31.1216	34.2158	32.5815	29.3765	26.5073	22.7609	17.3408	19.973	13.4612	16.8961	16.9232	13.4476	15.7262	13.6225	15.858	11.2132	15.4634	16.2065	11.62	15.3359	16.5616	20.8126	23.1206	27.3255	25.0714	28.6025	32.2148	36.0801	37.6067	39.643	42.078	36.5676	40.8954	39.5183	36.7232	35.8659	33.8488	31.332	31.552	28.794	26.7525	28.6375	27.3686	24.0234	24.5712	21.9555	26.0538	28.822	32.0227	34.0421	30.4684	29.7147	35.0279	31.9426	35.6945	38.511	38.3695	39.1959	36.0724	33.0165	38.7095	40.7232	42.5227	45.8705	44.4917	40.6636	46.9641	48.8606	44.5732	50.4977	49.5208	47.9314	45.5724	47.6819	45.9427	45.9071	41.057	45.0202	48.2039	43.8138	43.3638	48.4517	49.701	48.6141	49.1238	
E28:P	29.1806	24.857	22.9994	20.521	14.5837	15.0759	12.2406	11.7788	11.0535	9.36519	7.00446	6.50902	2.83578	3.20677	3.02067	0	1.33088	3.95961	4.4312	9.27565	12.4668	9.95195	11.2768	13.3392	9.87915	13.7779	15.0872	9.65179	17.422	20.728	18.42	19.9695	18.4692	15.7593	14.9191	12.938	11.0867	11.9965	8.42458	7.27487	7.48419	9.63273	5.78998	12.2561	14.1666	11.1173	15.9424	17.112	17.5766	20.4367	19.0007	23.0131	23.9805	23.9169	26.2094	28.5885	29.8231	29.8983	31.8903	34.6333	33.733	33.7735	38.0093	37.9855	40.969	40.9306	41.8224	41.6102	46.0086	47.1234	46.0698	44.8131	40.9955	34.6299	33.0474	34.9014	31.4557	29.5495	26.4725	21.8372	23.9465	23.7579	27.0801	26.8825	28.1584	25.0985	29.3346	30.4434	27.0051	31.3137	25.9953	32.144	34.9997	38.0878	36.1976	33.2501	29.8295	26.3158	21.8584	23.0329	17.8785	20.0341	19.0983	16.6454	18.3922	15.7843	16.8052	12.9641	16.4153	16.1888	10.7102	15.6152	16.6012	20.4249	23.1645	27.9934	25.9298	28.5632	32.9613	36.475	38.0163	40.4695	42.5722	36.3513	40.5086	38.604	35.9946	34.857	32.6482	30.4447	30.0909	27.2921	25.8331	27.1266	25.3304	22.7122	23.5349	20.2992	24.7713	27.6054	30.5179	32.7907	29.9978	27.9999	33.9919	31.9825	34.8245	37.8067	38.2918	39.0859	36.7439	33.4226	39.0348	41.1686	43.431	46.4771	44.5804	41.4561	47.3777	49.0467	44.9672	50.5674	49.0163	47.5949	45.1039	47.0291	45.1092	44.8666	39.7598	43.4191	47.1057	43.2079	42.2019	47.5471	49.1668	48.0828	49.0063	
E29:P	31.0363	27.0687	24.9218	22.5133	16.6373	17.0342	15.0664	13.4923	12.5971	11.3918	9.17187	7.52377	4.97158	2.84544	2.95215	1.33088	0	1.3303	3.10836	6.27246	9.93973	6.57125	10.8999	12.4728	8.46532	14.8533	14.6785	11.0085	18.8687	22.2875	20.4227	22.2861	21.0407	18.2056	17.6456	15.6406	13.8495	14.7876	11.1276	9.89776	9.74757	11.914	7.33278	14.1805	15.909	13.5861	18.0491	17.9361	19.8396	22.6417	21.2597	25.4015	25.4654	25.6693	28.3932	30.8189	31.6494	32.0574	34.2589	36.578	35.5861	35.8045	40.2108	40.2441	43.3305	43.4131	44.366	44.1686	48.5629	49.6262	48.6092	47.2106	43.4075	37.0125	35.6669	37.3028	33.8165	31.9886	29.0733	24.4256	26.5526	26.4241	29.774	29.4761	30.7357	27.4959	31.8139	32.8707	29.1909	33.5916	28.1801	34.1757	37.0137	40.0754	38.1902	35.1802	31.9109	28.2748	23.3657	24.9849	19.4158	21.4254	20.8385	17.4262	19.1096	16.1138	16.755	12.1285	15.1252	15.045	10.2453	13.5984	13.94	18.1447	20.5979	24.797	23.1761	26.3682	30.5496	34.1299	35.9046	38.3448	40.6132	34.5549	38.6759	36.8839	34.2875	32.9396	30.9836	28.5601	28.2153	25.5562	23.7303	24.9707	23.5875	20.5657	21.0994	17.8141	22.0407	24.7501	27.8435	29.977	26.8913	25.7135	31.2339	28.8347	32.2627	35.0981	35.3736	36.3799	33.5563	30.674	36.4204	38.6943	40.8712	43.9704	42.2031	38.5119	44.6973	46.4469	41.9202	47.7948	46.5246	44.7927	42.2348	44.2537	42.5476	42.5227	37.6935	41.4778	44.9325	40.712	40.3296	45.5142	47.0157	46.085	46.9781	
K30:P	30.104	26.8797	24.3551	22.4538	16.5043	17.6172	16.5871	14.2226	12.7069	12.7988	10.9211	8.30022	7.00999	4.67416	2.70266	3.95961	1.3303	0	1.33131	3.07869	6.20623	3.27912	7.31908	8.73225	5.54494	11.5095	11.9627	9.51771	16.3338	19.7933	19.0813	21.3223	21.054	18.098	18.0944	16.6971	14.0778	16.1141	12.9375	10.27	11.1277	12.3455	7.22284	13.7315	14.1627	12.645	16.2818	14.7365	17.7799	20.2651	19.1656	23.0485	22.0341	22.4924	25.7596	28.2135	28.4267	29.3782	31.949	33.0764	32.5045	32.9908	37.6992	37.9835	41.3331	41.7131	43.0213	42.9259	47.2832	48.2781	47.4632	45.7873	42.1805	35.8089	34.9587	35.5984	32.0568	30.3907	28.1829	23.6152	25.6597	25.8101	29.4051	28.7849	30.534	27.316	31.5825	31.9342	28.2719	32.4712	26.6087	32.3342	35.0195	37.875	35.7821	32.5882	29.7285	25.7518	20.2355	22.2089	16.5047	18.3429	17.8375	14.0367	15.4577	12.2472	13.015	8.14432	11.3186	11.9225	7.67129	10.3805	11.2937	15.5985	17.878	22.2525	20.0124	23.476	27.4301	31.0223	32.6788	34.8994	37.2874	31.6198	35.8787	34.4686	31.7111	30.724	28.8174	26.2171	26.4679	23.7703	21.5314	23.5595	22.5144	18.9104	19.3207	17.208	21.1901	24.0963	27.3179	29.2709	25.4861	24.7729	29.9775	26.8316	30.4764	33.291	33.148	33.9389	31.0145	27.837	33.5409	35.6358	37.6092	40.835	39.3354	35.5967	41.8152	43.6713	39.4285	45.2693	44.25	42.689	40.3744	42.4772	40.7015	40.6735	35.8836	39.9133	42.9832	38.5434	38.2261	43.2592	44.4959	43.4782	44.0698	
A31:P	30.6467	26.2715	24.7202	22.6753	16.4273	18.5125	17.6135	15.998	14.0765	12.9642	12.0339	9.84321	7.43915	6.30683	3.83619	4.4312	3.10836	1.33131	0	3.86828	7.32614	6.93937	7.74406	10.3714	9.25463	12.1846	14.2456	10.9711	17.2667	20.4206	18.6624	19.8511	18.998	16.5338	15.278	14.3748	10.9882	13.1952	11.196	7.22777	8.81442	9.63973	4.79412	10.6896	11.1486	9.01124	12.8427	12.3141	14.2978	16.9283	15.9501	19.7636	19.3652	19.8438	22.7462	25.1336	25.7829	26.672	28.9166	30.8046	30.0173	30.5844	34.8705	35.4203	38.47	38.4609	39.7867	39.9262	44.339	45.7462	45.0424	43.814	40.2774	34.0251	32.1764	33.0821	29.6874	27.4367	24.9175	20.5697	22.7338	22.3355	26.1149	26.1416	28.3985	25.9263	29.8617	30.0995	27.4845	31.1619	25.6513	31.6191	34.2653	37.0325	34.669	31.5894	28.3695	24.4617	20.049	20.1596	15.4181	16.2743	15.2013	12.0917	13.4036	10.6352	11.2377	7.36481	10.519	10.7845	6.10671	10.1553	11.6135	15.3965	18.1011	23.2527	20.5671	23.3804	27.6268	31.0996	32.4758	34.6294	36.8955	31.1977	35.419	33.7413	31.0327	30.0872	27.9374	25.5799	25.651	22.8204	21.2087	22.9431	21.4468	18.2964	19.395	16.8615	21.1857	24.2787	27.2843	29.4163	26.0501	24.3671	30.0569	27.5668	30.5263	33.3861	33.6141	34.2088	32.0029	28.3453	33.9033	35.8511	37.8338	41.0441	39.4275	36.352	42.2559	43.9738	40.1662	45.6535	44.222	42.9719	40.6856	42.6564	40.6401	40.3761	35.2913	39.1668	42.5383	38.4841	37.533	42.7655	44.263	43.0831	43.8482	
S33:P	31.5624	28.0572	26.1203	24.6306	18.5219	21.0044	20.7477	18.5583	16.3115	16.4105	15.52	12.6292	11.7584	10.035	7.27661	9.27565	6.27246	3.07869	3.86828	0	1.34281	2.79349	4.60775	6.15056	8.08614	10.7463	12.6154	12.135	16.784	19.8335	19.4648	21.1777	21.5254	18.9189	18.6526	18.1624	13.4449	17.1601	15.6338	11.5779	13.1175	13.5212	8.59288	14.0323	13.269	12.5024	15.3723	12.6989	16.5118	18.4338	16.9257	20.8893	19.2281	19.1997	22.9284	25.4778	25.0337	26.1387	28.862	29.2445	28.8334	29.6043	34.4306	35.1314	38.5317	39.1493	40.6834	40.8876	45.1995	46.4178	45.9123	44.2722	40.8444	34.7953	33.7888	33.4921	30.0573	28.178	26.6158	22.4585	24.4196	24.6671	28.3533	27.8704	30.2583	27.8062	31.7036	31.2453	28.5015	31.9332	25.897	31.5127	33.9357	36.4098	33.852	30.4689	28.0073	23.7521	18.4981	19.3917	14.6115	14.7733	14.6667	10.2499	11.8479	8.58415	10.1742	4.3889	7.98576	9.63818	6.26368	6.88995	8.44381	12.872	14.7193	18.8174	16.275	20.3091	23.3519	27.5285	29.1901	31.0757	33.7308	28.577	32.8684	31.7956	28.965	28.1198	26.4278	23.6089	24.3078	21.7292	18.8217	21.5724	21.0583	16.8913	16.6476	15.568	19.0418	21.842	25.2095	26.8381	22.6562	22.8146	27.4645	23.7052	27.7863	30.5383	29.9812	30.7087	27.5138	24.3403	30.0498	32.0481	33.6647	37.0792	35.9498	31.7941	38.2333	40.2082	35.9798	41.8951	41.1856	39.6066	37.4528	39.5861	37.9292	38.0058	33.43	37.6642	40.315	35.5838	35.6467	40.4506	41.3958	40.4511	40.8289	
P34:P	30.67	27.7854	25.6662	24.5927	18.8144	21.5539	21.8303	19.5361	16.9993	17.8116	17.5978	14.5139	14.5694	13.34	9.36438	12.4668	9.93973	6.20623	7.32614	1.34281	0	1.33025	3.81925	3.45109	6.72059	9.0733	10.9457	12.4833	15.4949	18.306	18.8392	20.8465	21.9731	19.3539	19.3166	19.481	14.4496	18.8148	18.2877	14.3793	16.4059	16.6736	12.0674	16.9398	15.4383	14.7321	17.2594	13.5186	17.5372	18.9119	17.1168	21.2649	19.0239	18.5299	22.5331	25.1794	24.1533	24.7754	28.0377	27.8928	27.3927	27.9993	33.2654	33.8661	37.4899	38.595	40.1351	40.2795	44.4851	45.4733	45.0216	43.0999	39.4745	33.8572	33.5382	32.5499	29.109	27.6324	26.6859	22.6753	24.4355	25.2391	28.6811	27.7557	30.0532	27.6165	31.4382	30.5838	27.7274	30.9762	24.6822	30.0056	32.271	34.5644	31.8725	28.4648	26.4133	22.1456	16.4474	18.0998	13.5143	13.4267	14.1462	9.13016	11.3837	6.8567	9.65116	3.86629	7.63424	9.77945	7.50751	5.43531	7.43374	11.8302	12.9944	15.9605	13.8161	18.7051	20.4447	25.3931	27.2359	28.8583	31.7487	27.0791	31.367	30.5678	27.731	26.8955	25.4735	22.2484	23.4389	21.0582	17.5668	20.6474	20.6282	16.2079	15.2491	15.5925	18.5165	21.2983	24.7058	25.6973	21.1152	22.1551	26.2237	21.3667	26.1413	28.7478	27.5955	28.4793	24.4546	21.8722	27.6282	29.6932	31.1092	34.6235	33.7829	28.8965	35.6118	37.7214	33.091	39.3366	39.1921	37.3114	35.2448	37.3926	36.1545	36.4482	32.1629	36.5297	38.82	33.7456	34.372	38.9343	39.6119	38.8159	39.0234	
E35:P	28.4096	25.7435	23.2156	21.9799	16.2289	18.3847	18.4791	15.9362	13.6787	14.8248	14.3213	11.0926	12.2786	10.1292	6.221	9.95195	6.57125	3.27912	6.93937	2.79349	1.33025	0	3.42388	3.11913	3.8813	7.78336	8.71851	9.29257	13.4624	16.6433	17.0552	19.609	20.5962	17.6287	18.2724	17.7701	13.9479	17.7016	16.6287	13.2181	16.3244	17.2689	12.6858	18.292	17.2734	15.0479	18.7501	15.6031	18.5403	20.7882	17.8984	22.4223	20.875	20.2723	23.9381	26.64	26.0667	26.0723	29.5448	29.9421	29.2282	29.4201	34.781	34.8827	38.5502	39.7302	40.959	40.8113	45.0371	45.7459	45.0456	42.9774	39.5539	33.3224	33.3968	32.9754	29.4072	28.2527	26.9458	22.5704	24.3536	25.4134	28.6242	27.3871	29.1334	26.0403	30.1799	29.8401	26.2002	29.9976	23.6904	29.1357	31.5938	34.1627	31.8056	28.5418	26.3298	22.156	16.0163	18.9362	12.7282	14.8884	15.5164	10.7668	13.1085	8.85688	11.6833	6.28704	10.0441	12.5072	10.2176	8.89803	11.1446	15.5676	16.5542	19.4667	17.3084	22.2595	23.8248	28.7907	30.5613	32.2185	35.0792	30.4499	34.8594	34.2173	31.3399	30.6017	29.1889	25.7305	27.1713	24.7836	21.2884	24.0104	23.6139	19.6975	18.8654	17.0336	20.3248	22.704	26.1544	27.8133	23.7831	24.5326	28.929	24.8152	29.6216	32.2492	31.1457	32.0545	27.9132	25.418	31.1424	33.1281	34.4751	38.0102	37.2631	32.3467	39.1005	41.2374	36.5888	42.8863	42.7638	40.8669	38.7569	40.9151	39.6887	40.035	35.8158	40.2272	42.4269	37.3077	38.0672	42.5593	43.1216	42.339	42.4022	
I37:P	24.2779	21.5399	19.3948	18.5551	13.1509	16.3437	17.4033	15.2916	12.1616	13.7988	14.638	11.6992	12.3016	11.7611	6.99059	11.2768	10.8999	7.31908	7.74406	4.60775	3.81925	3.42388	0	1.34686	3.09244	2.98127	5.06915	6.8039	9.13247	11.9624	12.527	14.8504	16.4998	13.8052	14.1416	14.7863	10.5969	15.0722	15.0447	11.3919	15.375	15.8925	12.8134	16.4552	14.8563	12.3236	15.2289	11.6	13.8992	15.5764	12.7485	16.7263	14.9039	13.8153	17.8432	20.4741	19.4837	19.6903	23.3151	23.4585	22.6885	22.9488	28.3469	28.68	32.3749	33.7135	35.1224	35.1557	39.3166	40.1812	39.6486	37.5628	34.0994	28.0296	28.3286	27.2906	23.8375	22.5966	21.9913	17.9388	19.5303	20.9393	24.0031	22.4546	24.2627	21.5151	25.4167	24.6921	21.4077	24.8559	18.5108	23.9254	26.3313	28.8508	26.4478	23.1659	20.8907	16.6956	10.7387	12.8449	7.41514	8.48378	9.50577	4.20572	6.77935	3.13313	6.50274	4.35067	7.80441	10.5626	10.5761	9.45253	13.5095	16.7942	17.767	21.3091	17.4188	21.8878	23.5709	27.7135	28.8142	29.8402	32.7382	28.9713	33.6493	33.7085	30.5726	30.8654	29.2972	24.6204	28.3948	25.8977	22.2543	25.7792	26.3347	22.012	21.0732	22.7339	25.5385	28.4121	31.7434	32.4171	27.7123	28.7249	32.4952	27.1953	31.616	34.1433	32.5622	32.7554	29.0457	25.6513	30.8455	32.1724	33.0761	36.7746	36.512	32.3035	38.6324	40.8541	37.4345	43.1976	43.2526	42.0809	40.5431	42.5843	41.1281	41.2087	36.6342	41.2678	42.9109	38.1369	38.2568	42.5463	42.7114	41.5723	41.0143	
P38:P	23.1715	21.1898	18.4882	17.7878	12.8449	15.4659	16.6449	14.1484	10.919	13.4811	14.1173	11.2622	12.6186	12.5003	7.70611	13.3392	12.4728	8.73225	10.3714	6.15056	3.45109	3.11913	1.34686	0	1.33096	3.31999	3.04469	5.06834	8.06843	11.0502	12.3887	15.2755	17.4124	14.4896	15.4828	15.8363	12.5179	16.762	16.0172	13.4696	17.7124	18.5668	15.5356	19.6555	18.7392	15.2598	19.033	16.7976	17.6397	19.9626	15.6958	20.4996	19.8784	17.7137	21.2979	24.0853	23.3058	22.414	26.4671	27.3334	25.8759	25.7718	31.3699	31.0061	34.8501	36.3683	37.4818	36.9342	41.1016	41.3621	40.4466	38.1375	34.7243	28.5271	29.5898	28.8846	25.2796	24.8664	24.0187	19.737	21.1865	23.1017	25.7217	23.7317	24.983	21.6922	25.7754	25.2514	21.1977	24.9857	18.5301	23.725	26.1525	28.7465	26.5512	23.4008	21.3938	17.395	10.8005	15.4446	7.76905	11.6823	13.021	7.58852	10.6918	7.95451	11.9615	8.08746	12.2154	14.9722	13.5752	12.3003	15.3602	19.4741	20.031	22.7003	20.1632	25.3751	26.0216	31.2788	32.7986	33.9339	36.9835	33.0024	37.651	37.4738	34.4714	34.1707	32.7895	28.5743	31.187	28.8001	25.0775	28.3805	28.5977	24.165	22.9529	23.3723	26.2031	28.7059	32.2188	32.9782	28.3578	30.038	33.6717	28.3767	33.4788	36.0115	34.4692	35.2492	30.5979	28.3194	33.8343	35.5266	36.4051	40.1332	39.8911	34.666	41.5471	43.8282	39.2681	45.7025	45.9904	44.1554	42.2516	44.3847	43.3286	43.7261	39.4676	44.0826	45.8549	40.7352	41.5936	45.8769	46.0991	45.2599	44.9056	
M39:P	21.3889	18.9407	16.2341	15.1911	9.91366	12.4292	13.5363	10.9629	8.01571	10.3459	10.1878	6.99448	9.30672	8.08242	4.05168	9.87915	8.46532	5.54494	9.25463	8.08614	6.72059	3.8813	3.09244	1.33096	0	3.06312	2.96324	2.86095	6.71939	10.133	10.4141	13.4782	15.0293	11.9144	13.2947	13.085	10.8334	14.2999	13.1282	11.2324	15.0222	16.9269	13.6817	18.6178	18.9298	14.2084	19.1089	17.9911	17.7118	20.3482	15.579	20.7903	21.5691	18.98	21.8168	24.6071	24.6003	22.6669	26.9414	29.216	26.9695	26.2189	31.6116	30.875	34.5664	35.8915	36.7493	36.0372	40.3061	40.5705	39.5674	37.3275	33.7349	27.3869	28.1954	28.2258	24.5842	24.1019	22.7223	18.1996	19.7383	21.4685	24.1047	22.1642	23.1758	19.5673	23.8503	23.8266	19.5152	23.673	17.4556	22.8924	25.5701	28.4227	26.5117	23.2972	20.9374	17.179	11.0956	15.4562	7.50998	12.461	13.7849	9.11267	12.5907	10.8021	14.2421	10.4642	14.9158	17.4872	15.2617	15.306	18.0607	22.413	23.4097	26.1737	23.696	28.6923	29.694	34.8093	36.261	37.408	40.4034	36.379	40.9776	40.6697	37.6565	37.3438	35.8125	31.8488	34.0645	31.5294	28.185	31.1571	30.6868	26.5828	25.9799	24.7871	28.1069	30.5654	34.0463	35.445	31.1603	32.1531	36.4184	31.7192	36.7331	39.3194	37.9526	38.7697	34.2952	31.8894	37.4313	39.1231	40.0386	43.7602	43.4559	38.3743	45.1965	47.4578	42.9672	49.3216	49.4986	47.66	45.6684	47.8172	46.7008	47.0519	42.757	47.2749	49.2576	44.1746	44.8222	49.2444	49.5875	48.6839	48.379	
S41:P	18.3647	16.5444	13.9894	13.7867	9.77994	12.8067	15.1773	13.2559	8.6269	11.7664	13.4763	11.1098	11.8538	13.1429	8.7687	13.7779	14.8533	11.5095	12.1846	10.7463	9.0733	7.78336	2.98127	3.31999	3.06312	0	1.3301	3.25383	3.17792	6.00558	7.43823	10.5203	13.6386	10.9257	12.2962	13.1135	9.93289	14.0636	13.9009	11.9462	16.5273	18.1811	16.3493	19.6497	19.2521	14.1498	18.6435	16.8363	16.4946	18.5574	13.2415	18.226	18.5452	15.0696	18.2146	21.0346	20.2761	18.2004	22.7977	24.359	22.1286	21.5356	27.305	26.9292	30.7917	32.3556	33.6206	32.7327	36.9358	36.9105	35.8288	33.422	29.948	23.7225	25.3495	24.7635	21.153	21.0829	20.5372	16.3741	17.6048	19.7126	22.1771	19.6402	20.4451	17.0676	21.0562	20.4675	16.2169	20.0221	13.5754	18.7635	21.2861	24.0362	22.0963	18.8366	16.8624	13.1885	6.81261	11.3107	3.35718	8.10095	9.92497	4.25636	8.89116	8.80342	12.8042	11.4016	15.1994	17.8435	17.1871	16.7238	20.4742	24.1051	24.7193	27.5742	24.2357	29.1377	29.5887	34.4422	35.4693	36.022	39.1082	35.908	40.709	41.0206	37.8661	38.234	36.7342	31.8134	35.7744	33.2966	29.586	33.0947	33.551	29.1833	28.0859	28.9783	31.9889	34.6142	38.0842	38.6956	33.9674	35.5605	39.1457	33.436	38.5018	40.969	39.1081	39.3199	35.1228	32.3304	37.4509	38.6717	39.1098	42.964	43.1806	38.3092	44.9096	47.2745	43.5099	49.5809	50.0958	48.6488	47.0793	49.1464	48.0286	48.2973	43.8501	48.5031	50.0016	45.0892	45.5807	49.7132	49.6364	48.57	47.7311	
A42:P	17.2906	16.0092	12.7672	12.2036	8.84296	10.853	13.0627	10.908	6.42739	10.0066	11.9531	9.40479	11.8813	13.3243	9.12516	15.0872	14.6785	11.9627	14.2456	12.6154	10.9457	8.71851	5.06915	3.04469	2.96324	1.3301	0	1.32941	3.5954	6.59613	7.89745	11.135	14.3117	11.0514	13.4645	13.6947	12.3094	15.7318	14.4798	13.9745	18.2781	20.4725	18.4366	22.1247	21.9874	16.5806	21.398	19.7628	19.2375	21.667	16.0216	21.2751	22.3497	18.8424	21.502	24.3037	24.016	21.1033	25.9694	28.2629	25.5924	24.5158	30.2571	29.3373	33.1825	34.7434	35.7206	34.5884	38.8417	38.564	37.2678	34.7444	31.1191	24.8745	26.893	26.8368	23.2498	23.2252	22.4062	18.1499	19.4287	21.4126	23.8753	21.163	21.3231	17.2282	21.4931	21.5556	16.3866	20.7706	14.61	19.0806	22.239	25.1825	23.6553	20.2126	18.6683	15.3161	8.76924	13.79	5.45556	11.274	13.4428	8.3104	12.9546	13.0015	16.4974	14.0698	18.3331	20.909	19.589	19.3879	22.6336	26.682	27.5081	30.1916	27.4141	32.4339	32.9574	38.0998	39.3093	40.0502	43.1291	39.6335	44.3633	44.3912	41.2906	41.3339	39.7895	35.3383	38.4214	35.9002	32.3758	35.711	35.7478	31.4101	30.4584	30.5651	33.5876	36.0367	39.5814	40.4902	35.9074	37.4514	41.2515	35.9262	41.058	43.5866	41.9429	42.5386	37.988	35.5691	40.9059	42.3421	42.9122	46.7441	46.8071	41.6674	48.4606	50.8101	46.5648	52.8784	53.3209	51.5926	49.7731	51.8953	50.8569	51.2076	46.8542	51.4812	53.1916	48.1557	48.7694	53.0537	53.1583	52.1747	51.5441	
