		I319:A	T320:A	N321:A	L322:A	C323:A	P324:A	G326:A	E327:A	N330:A	A331:A	T332:A	K333:A	F334:A	P335:A	S336:A	Y338:A	A339:A	W340:A	E341:A	R342:A	K343:A	K344:A	S346:A	N347:A	A350:A	D351:A	S353:A	V354:A	L355:A	Y356:A	N357:A	S358:A	T359:A	F360:A	F361:A	S362:A	T363:A	F364:A	K365:A	C366:A	Y367:A	G368:A	V369:A	A371:A	T372:A	K373:A	L374:A	N375:A	D376:A	L377:A	C378:A	N381:A	Y383:A	S386:A	K390:A	G391:A	D392:A	D393:A	V394:A	R395:A	Q396:A	A398:A	P399:A	G400:A	Q401:A	T402:A	G403:A	V404:A	D407:A	Y408:A	K411:A	P413:A	D414:A	D415:A	M417:A	W423:A	N424:A	R426:A	N427:A	I428:A	A430:A	T431:A	S432:A	T433:A	G434:A	N435:A	Y436:A	N437:A	Y438:A	K439:A	Y440:A	Y442:A	L443:A	R444:A	H445:A	G446:A	K447:A	R449:A	P450:A	F451:A	E452:A	R453:A	D454:A	I455:A	S456:A	N457:A	V458:A	P459:A	F460:A	S461:A	P462:A	D463:A	G464:A	K465:A	P466:A	C467:A	T468:A	P469:A	P470:A	A471:A	L472:A	N473:A	Y475:A	W476:A	L478:A	G482:A	T485:A	G488:A	I489:A	G490:A	Y491:A	Y494:A	R495:A	S500:A	F501:A	E502:A	L503:A	L504:A	N505:A	A506:A	P507:A	A508:A	T509:A
I319:A	0	1.33914	3.23708	3.37293	7.98115	10.1446	12.9733	14.4234	15.9064	20.3691	23.17	25.7853	22.9543	27.5227	31.9627	34.6869	31.3921	28.1196	25.5097	23.5779	18.8578	17.8398	12.519	10.216	9.74995	7.0657	11.8239	8.42517	12.3497	15.3564	13.0076	14.8404	18.5089	18.9726	17.792	24.1935	23.1454	17.5349	23.4268	19.7066	23.0864	22.9572	19.3284	20.5927	18.1265	14.631	14.084	11.6246	10.7665	5.18166	9.61993	15.2828	18.8023	22.7354	33.728	33.9741	35.9395	33.7876	29.6886	32.8319	33.0739	30.7414	29.9026	34.4667	34.801	38.5595	39.7243	39.3059	38.434	38.4643	31.381	29.6043	31.5761	28.1651	21.7174	21.7243	26.997	30.7078	29.5344	26.3154	33.8353	36.8219	39.8673	42.183	40.2223	34.6307	39.0375	36.2086	30.1051	36.1389	38.067	42.8031	44.729	41.0977	45.8104	43.3283	40.7392	34.9572	32.403	27.1819	33.1401	31.8849	36.7113	35.655	40.5302	43.6776	46.4884	49.8217	49.0105	52.7278	54.3945	56.0743	54.5117	56.3473	56.4524	55.2666	56.5032	53.3817	56.9898	58.0055	59.2527	56.204	50.5631	47.8256	41.2272	39.6829	36.9899	37.8929	34.2874	36.9901	37.3344	28.6255	25.0385	19.1285	15.19	17.3369	16.5238	14.2918	18.7013	18.5724	21.5529	24.433	26.2121	
T320:A	1.33914	0	1.33203	3.64378	6.60311	9.10898	14.2298	13.8331	18.4166	21.568	24.3574	26.0774	23.471	27.0289	31.2392	33.2975	29.8977	25.7504	23.7233	21.2992	17.3637	15.2526	9.31947	6.49969	7.76336	8.70535	13.2281	11.3647	14.2159	17.6618	17.1488	18.3259	22.4763	22.1783	19.8205	26.5621	24.3174	18.5802	23.196	19.6923	22.1469	22.4709	18.7715	20.4246	19.006	15.0001	15.284	13.3678	11.6231	6.25705	8.05464	11.7932	16.1231	22.1307	34.3457	34.8864	36.7494	33.5917	30.1867	32.9223	32.2598	29.8674	28.6655	33.1097	34.0219	37.4454	38.3986	37.9393	36.8355	36.583	29.2106	27.373	29.931	26.0412	20.1364	22.882	29.14	33.0999	32.9146	28.4737	35.8802	38.9258	42.3077	44.401	41.8272	35.9472	39.6498	36.4705	31.0049	35.597	37.4027	41.5694	42.8522	38.4664	43.2364	40.9821	38.3453	32.3627	29.7396	24.7752	30.4726	29.8799	34.2885	33.5623	38.3397	41.6358	44.4378	47.8142	46.8857	50.619	52.1025	53.7179	52.0013	53.9537	54.0547	53.2665	54.7692	51.9629	55.8872	56.6643	57.6433	54.4021	48.9647	46.525	39.8875	40.8977	39.6909	39.8728	36.8238	38.5381	38.844	29.6184	26.4712	16.4986	13.5521	13.8181	13.7545	10.296	14.8217	14.6175	17.5763	20.1714	22.1431	
N321:A	3.23708	1.33203	0	1.33113	3.81907	6.07607	11.4369	9.88323	15.892	18.6768	21.1922	22.8244	20.4862	23.7832	28.0217	29.9178	26.3014	22.5082	20.3689	17.6009	13.3821	11.0661	4.91112	2.73144	6.07441	7.65329	12.6453	11.2213	12.1491	16.3203	17.4238	17.0887	21.5133	19.806	17.6047	24.3803	22.078	16.6584	21.1276	17.9239	20.5614	21.3052	17.8179	19.1695	18.5806	14.2723	14.3986	14.0274	11.2156	7.03987	7.23278	8.76559	13.3499	19.0411	31.6005	32.3131	34.1138	30.907	27.656	30.4037	29.6679	27.4993	26.5355	30.8673	31.6577	34.9584	35.6484	35.0564	34.0878	33.6615	26.5753	25.0168	28.0391	24.2283	18.3839	20.0945	26.6492	30.4357	30.5033	25.7166	33.0663	36.1165	39.5649	41.5988	38.9088	32.9906	36.5888	33.2139	28.0026	32.5148	34.3791	38.5638	39.7258	35.1776	40.1706	38.141	35.6428	29.6916	27.0964	22.2587	27.4984	25.9345	30.7946	29.7356	34.5107	37.7666	40.6397	44.0725	43.6706	47.2629	49.049	50.4408	48.6024	50.3584	50.2834	49.4762	50.9722	48.3646	52.2928	53.3394	54.327	51.137	45.5281	43.1684	36.5181	37.9799	37.0349	37.3	34.2547	35.8661	36.1174	26.8063	23.5988	13.9986	11.3646	12.1625	13.1251	8.27181	13.8734	14.8802	17.2613	19.5633	20.0725	
L322:A	3.37293	3.64378	1.33113	0	1.33264	3.25151	8.26398	8.13889	12.8406	15.45	18.2935	19.993	17.5627	21.2419	25.7141	28.1745	24.5559	21.2745	18.5902	16.5626	11.9362	11.1031	7.17937	6.55167	5.84791	4.06514	9.2024	5.88673	8.58602	12.1459	12.1126	12.4052	16.6305	16.24	14.1946	20.8891	19.3305	13.8164	19.2721	15.9377	19.6446	20.2785	16.9454	17.6856	16.6431	12.4072	11.4634	10.8181	8.96802	4.93844	7.84169	10.3284	12.3477	16.4778	28.934	29.6602	31.4854	28.536	25.1142	28.0208	27.6024	25.6881	25.1218	29.438	29.8089	33.1653	33.7058	33.0499	32.2893	31.8534	25.1982	23.9337	27.1223	23.6576	17.6054	17.1578	23.6461	27.3797	27.1546	22.5366	29.8892	32.9021	36.3824	38.3968	35.7485	29.8468	33.6348	30.526	24.9328	30.0574	32.0667	36.4831	38.0628	34.3676	39.1593	36.7564	34.3085	28.5312	26.0913	21.1407	26.5742	24.8481	29.7774	28.6165	33.4975	36.6368	39.4682	42.8505	42.2386	45.9249	47.6646	49.3101	47.6911	49.373	49.4471	48.2955	49.6318	46.7062	50.4663	51.5093	52.6857	49.5649	43.8816	41.2891	34.6316	35.0419	33.9184	34.3545	31.26	33.0927	33.2258	23.9722	20.381	13.1353	10.187	12.9018	14.1806	10.9865	16.2942	17.7068	20.3177	23.0988	23.8184	
C323:A	7.98115	6.60311	3.81907	1.33264	0	1.35028	5.303	6.81861	10.1857	12.6992	15.8409	17.3787	14.2836	18.4245	22.7736	24.9506	21.7079	17.4925	15.4607	13.3441	9.88339	8.29606	5.84908	5.54091	3.75051	4.99466	9.44014	8.41331	6.60426	11.5796	13.4349	11.9388	16.377	13.4233	11.3494	18.3444	16.4129	11.8538	16.1438	13.4858	16.0074	17.2448	14.353	15.2605	15.9056	11.7125	11.8043	12.9613	9.86347	7.84798	5.95957	5.94172	7.99451	13.4611	25.5348	26.2532	28.1106	25.2137	21.8929	24.8108	24.0892	22.1063	21.2482	25.4534	26.2621	29.4326	30.0756	29.4757	28.4887	28.1685	20.9932	19.5518	22.9473	19.2972	13.6211	13.6202	20.1766	23.8891	24.2411	19.3735	26.5926	29.8432	33.201	35.2239	32.5607	26.736	30.5949	27.6421	21.8531	26.9652	28.7738	33.0364	34.4766	30.3204	35.0392	32.6874	30.1182	24.2287	21.7002	16.7487	22.3411	22.1173	26.1125	25.6269	30.3583	33.6825	36.403	39.7209	38.5398	42.3104	43.7883	45.4326	43.7976	45.7759	45.9898	45.1928	46.6597	43.6699	47.5529	48.2358	49.2915	46.0506	40.6331	38.1029	31.4851	31.6252	30.6077	30.8584	27.9009	29.6443	29.705	20.4667	17.3094	8.58266	6.35108	8.69413	10.2256	8.25376	13.2218	15.5794	18.4011	21.2568	20.9763	
P324:A	10.1446	9.10898	6.07607	3.25151	1.35028	0	3.31775	3.21283	8.16849	9.32353	12.2158	13.5626	11.3699	14.9098	19.4147	22.3344	18.5999	16.4608	13.0026	11.515	6.61569	7.79885	5.96632	6.94956	7.64656	7.65633	11.6366	10.4767	7.75011	12.9001	14.9277	12.6112	16.8819	12.4165	10.9746	18.0739	16.3874	12.8635	17.4981	15.5596	19.2523	21.2391	18.4813	18.7935	19.6042	15.2193	14.4501	15.7619	12.9498	11.3083	10.3759	9.52175	10.0244	10.3733	23.6163	24.7563	26.6517	23.9453	20.9669	23.9752	23.6202	22.3427	22.8171	26.8403	26.5986	29.512	29.1035	27.9427	27.8137	26.7285	21.6004	21.4356	25.6726	22.9411	17.5222	11.6472	18.9431	21.9013	22.1744	16.7644	23.9225	26.8646	30.5087	32.3539	29.5095	23.5412	27.212	24.0897	18.5661	23.9107	26.1051	30.7853	32.5801	29.6791	34.5828	32.1874	30.1268	24.7471	22.7024	17.9316	22.4944	19.2534	24.5983	23.0212	27.9389	30.9019	33.7307	37.0922	36.8417	40.3878	42.3228	44.1531	42.5333	43.9178	43.9749	42.5068	43.6941	40.6778	44.3042	45.5541	46.8887	43.8858	38.0081	35.3015	28.6603	28.9089	28.3191	29.2589	26.4408	27.975	27.6909	18.39	14.2203	11.7858	10.0517	12.9247	14.7754	11.3427	17.0148	19.0567	21.6591	24.0512	23.5789	
G326:A	12.9733	14.2298	11.4369	8.26398	5.303	3.31775	0	1.33199	3.15327	4.45509	7.37309	9.90496	8.03256	12.8002	17.1071	21.0115	17.6565	16.543	13.1976	13.0269	8.32499	11.2625	11.6593	13.4693	10.871	9.13737	11.7006	9.59292	6.48487	11.6616	13.5362	10.3816	14.2395	8.58867	8.70681	15.5603	14.6663	11.676	16.9217	15.5027	19.4865	22.1469	20.0985	19.4216	20.9692	16.8548	15.1287	16.9663	15.1688	14.8631	14.5402	13.374	12.0005	9.39696	20.8033	21.7813	24.0103	22.4653	19.0972	22.6575	23.1594	22.0722	22.8747	27.066	26.2186	29.3367	28.5134	27.0674	27.6545	26.342	22.5295	22.5255	26.5322	24.1487	18.5751	8.53914	14.707	17.1944	16.7536	11.5009	18.9985	21.654	25.2339	27.2359	24.8223	19.0144	23.3441	20.3533	14.4547	21.6395	23.892	29.3247	31.7187	29.9177	34.7356	32.4946	30.8603	25.9896	24.1062	19.1873	23.4098	19.109	24.8609	22.6744	27.4654	29.9165	32.7296	35.9695	36.1497	39.5086	41.5335	43.6487	42.2863	43.2382	43.3068	41.2392	41.8903	38.8285	42.0382	43.6134	45.2714	42.6185	36.5064	33.5248	27.0028	24.8322	23.0894	25.3605	22.9449	24.8293	23.8155	15.189	9.44327	13.7338	11.8005	16.3568	18.7067	17.1783	22.4027	24.8359	27.6066	30.1808	29.3873	
E327:A	14.4234	13.8331	9.88323	8.13889	6.81861	3.21283	1.33199	0	4.61388	3.99485	6.34972	7.67286	6.73271	10.0575	14.5204	18.4183	14.4524	13.4028	9.59486	9.65712	3.85669	5.51838	6.6581	9.7917	12.0914	11.8309	14.3597	12.3358	8.93206	14.2295	16.1674	12.7684	16.5265	10.4058	10.4231	17.0725	16.0446	13.8826	18.4308	17.54	20.7089	23.7112	21.3217	21.4835	23.2949	19.218	17.6851	19.7062	17.6205	16.6658	14.5823	10.6388	9.98288	7.06825	19.9451	21.5289	23.7763	21.682	18.9329	22.3112	22.1975	21.619	23.0124	26.684	25.8085	28.1767	26.7481	25.0079	25.6944	23.7368	20.7686	21.7862	26.169	23.8737	19.315	8.92257	15.9592	17.8973	17.6022	12.0599	18.9143	21.3891	25.3079	26.7089	24.0246	17.9908	21.6331	18.5058	13.0905	19.4026	21.6701	26.9751	29.0563	26.9752	31.9175	29.848	28.3172	23.6529	22.1829	17.9701	20.5611	15.5477	21.6908	19.271	24.1147	26.6876	29.522	32.8434	33.3493	36.6337	38.813	40.8519	39.2521	40.1438	40.0857	38.1303	38.8518	35.9972	39.3423	40.9631	42.6651	39.9068	33.7043	30.8494	24.1021	23.9925	23.6463	25.7256	23.2736	24.6342	23.5521	14.8656	9.00156	12.3915	12.6749	14.4115	16.6319	13.8557	19.3168	21.7483	24.0914	26.0606	24.6082	
N330:A	15.9064	18.4166	15.892	12.8406	10.1857	8.16849	3.15327	4.61388	0	1.3303	3.26992	6.02887	5.48914	10.4502	14.3356	18.787	15.7432	15.1654	11.6144	13.1234	9.59223	13.5806	15.47	18.3422	15.5573	12.5658	14.4463	11.0723	7.45505	12.5501	13.3836	9.43569	11.4169	4.71871	7.51099	12.7254	13.3806	12.3354	16.8305	17.1361	19.9218	24.0004	23.035	21.7251	23.7846	20.5302	17.5863	19.2731	19.0938	18.9352	19.4248	16.9396	13.3443	7.88816	17.8177	18.718	21.0105	19.7169	16.2567	20.0474	20.9454	20.6009	22.4369	26.2188	24.5567	27.0122	26.1552	24.71	25.4944	24.2875	21.2118	22.5582	26.586	25.3976	20.6551	5.52378	10.9741	13.7579	13.0488	7.82099	15.1964	17.3617	21.1066	22.9497	20.7836	15.0741	19.5731	16.3831	10.7416	18.4542	21.0395	26.8656	29.3755	28.2342	32.8368	30.6576	29.1613	24.8923	23.5392	19.0909	22.0494	17.6581	23.1556	20.9259	25.4947	27.3341	30.3314	33.4598	33.8851	37.1576	39.2607	41.5238	40.2857	40.9371	40.9953	38.5903	38.9344	35.8852	38.8502	40.5444	42.4586	40.0284	33.8031	30.6621	24.271	21.2127	19.3718	22.0762	19.8317	21.7352	20.5954	12.1419	5.63428	15.2881	15.0452	19.5828	22.4034	21.7865	26.7457	29.5033	32.2339	34.6625	33.241	
A331:A	20.3691	21.568	18.6768	15.45	12.6992	9.32353	4.45509	3.99485	1.3303	0	1.33497	3.28596	3.80224	7.17303	11.3164	15.7865	12.2287	11.8287	7.88664	10.4464	7.30937	11.9117	15.375	18.7703	17.5777	15.9162	17.7127	15.6721	10.9455	16.1022	17.9284	14.0764	15.741	8.13362	10.2996	15.2828	15.2465	14.965	18.6662	19.1627	21.2076	25.6289	24.8733	23.6981	25.879	22.7593	20.1385	22.762	21.8821	22.3076	21.2614	17.3601	12.9011	6.04825	15.8229	17.2723	19.8796	18.8772	15.926	20.0703	20.6755	20.7283	22.9761	26.1447	24.6664	26.2961	24.6563	22.6586	23.8597	21.5976	19.6301	22.0001	26.3158	25.7509	21.8877	6.49666	11.2941	12.2648	11.433	6.00688	12.606	14.9302	18.8326	20.3575	17.8269	11.9272	16.2715	13.2234	7.51164	15.337	18.1085	24.1337	26.5414	25.1921	29.8515	28.0901	26.9085	22.9003	21.8584	18.1487	19.472	13.9741	19.7374	17.3256	21.9503	23.9681	26.9356	30.1436	30.7732	34.0107	36.2316	38.4253	36.9953	37.6313	37.6063	35.3254	35.7975	32.77	35.6306	37.3777	39.4252	37.0443	30.75	27.6264	21.1067	18.2807	17.3331	20.5436	18.6158	20.1129	18.1907	10.8369	2.88134	15.6938	16.7797	20.1158	23.0999	22.4585	27.3008	30.212	32.6312	34.7325	32.6652	
T332:A	23.17	24.3574	21.1922	18.2935	15.8409	12.2158	7.37309	6.34972	3.26992	1.33497	0	1.3322	4.35547	7.89229	10.9016	16.1106	13.348	13.9742	9.8438	13.5826	9.8991	15.047	18.1826	21.5337	20.8864	19.3476	21.1701	18.9014	14.293	19.4031	20.9387	17.0823	18.1411	10.4578	13.2506	17.0392	17.9277	18.2057	21.5441	22.3923	23.9764	28.6391	28.1155	26.9516	29.1988	26.195	23.5305	26.1684	25.3262	25.6239	24.4717	20.5529	16.2909	9.21566	15.623	17.2099	19.9733	19.0913	16.8003	21.11	22.1169	22.8845	25.7806	28.6272	26.25	27.0392	25.2935	23.0122	25.0065	22.4494	21.9612	25.1563	29.3829	29.0006	25.0725	8.67733	11.7469	11.6059	9.92089	5.47605	10.6259	12.1441	16.286	17.4001	15.1977	9.43212	13.8371	10.3594	5.86992	14.0074	17.1853	23.5084	26.1114	26.3915	30.5008	29.3068	28.6564	25.4808	24.8896	21.3644	21.7595	15.5123	20.5512	18.2745	22.3661	22.839	26.5018	29.4116	30.229	33.4902	35.7834	38.2288	37.0909	37.1814	37.1445	34.2227	34.018	31.1592	33.7022	35.6474	38.05	35.9345	29.4589	26.3207	20.1335	16.4365	15.3958	19.8491	18.4171	19.7575	17.1347	11.3898	3.1509	19.0201	20.0461	23.4158	26.3519	25.3583	30.3923	33.1942	35.5988	37.6331	35.666	
K333:A	25.7853	26.0774	22.8244	19.993	17.3787	13.5626	9.90496	7.67286	6.02887	3.28596	1.3322	0	1.33392	4.42299	7.69264	12.8902	9.53184	10.0321	5.95125	10.2612	9.31389	13.3805	17.9465	21.4949	21.4364	20.7303	22.1523	20.8166	15.9324	20.5486	22.7105	19.0506	19.5401	11.9092	13.8526	17.1938	17.5581	18.6095	20.6983	21.8503	22.1494	27.1459	27.2394	26.2149	28.688	26.3697	23.8143	27.2505	26.0639	26.947	24.8566	19.6867	14.4646	6.45393	14.4116	16.6342	19.2285	17.4367	15.8042	19.6751	19.8803	20.5313	23.2956	25.8633	23.9326	24.7403	22.6296	20.2005	22.0828	19.1406	18.5385	22.0826	26.3241	26.5216	23.4173	8.92444	13.0793	13.1057	12.0586	7.42391	11.7618	11.7191	16.1741	15.4305	13.5457	8.79424	11.0915	6.71278	5.1867	11.8264	14.7115	20.7834	23.2856	22.7656	27.1612	25.8551	25.0806	21.7423	21.1683	18.0757	17.9267	11.5965	16.9397	14.5344	18.868	18.1849	22.5829	25.3284	27.1227	30.3971	32.8496	35.1802	33.8453	33.4308	32.9717	29.6473	28.7278	26.7607	28.9045	31.3468	34.4009	32.6185	25.9123	22.4432	16.795	16.1344	16.8701	20.4164	18.6247	19.3605	17.2378	10.6088	4.14135	17.2931	19.5494	22.1446	25.2501	25.0984	29.6086	32.6706	34.7567	36.79	34.3359	
F334:A	22.9543	23.471	20.4862	17.5627	14.2836	11.3699	8.03256	6.73271	5.48914	3.80224	4.35547	1.33392	0	1.33946	4.17643	9.47488	7.04986	7.69563	5.84645	9.88102	9.76415	12.6545	16.6054	19.765	17.345	16.15	17.0537	15.8662	11.0645	15.0897	17.3306	14.317	14.9323	7.97528	8.21158	11.9983	11.4436	12.8951	14.5358	16.1941	16.2779	21.6245	22.1471	20.739	23.2485	21.3204	18.2901	21.8816	21.354	22.8122	21.1723	16.9611	11.5453	3.68452	10.835	12.7988	15.1077	13.2631	10.8535	14.4686	14.8147	15.0817	17.7593	20.775	18.8526	20.2552	18.7699	16.8251	18.2475	15.7609	14.8179	17.7855	21.6818	21.7257	18.4205	3.64429	9.96895	11.3087	12.1596	7.09021	11.0414	13.3291	17.3375	17.2968	13.9982	8.17528	10.2048	6.89458	3.14479	8.12711	10.9941	17.1209	19.6412	19.6328	23.8012	22.5838	22.0263	18.8446	18.1238	14.4418	15.4553	9.94264	13.9272	12.0703	15.9876	16.8114	20.0362	22.995	23.6431	26.9067	29.2127	31.5945	30.3908	30.6263	30.6716	27.9919	28.2647	25.146	28.1237	29.8335	31.9176	29.6066	23.1987	20.1142	13.6863	13.2992	16.5734	17.609	15.1203	15.8626	14.6337	6.23874	3.55014	13.1948	14.919	18.8852	22.0527	22.8802	27.0985	30.2628	32.7758	35.2219	33.1051	
P335:A	27.5227	27.0289	23.7832	21.2419	18.4245	14.9098	12.8002	10.0575	10.4502	7.17303	7.89229	4.42299	1.33946	0	1.32546	6.27458	3.51469	4.30728	3.44648	6.59376	8.74279	12.1839	17.9198	21.3867	20.9148	21.1349	22.0265	21.4984	16.7564	20.5745	22.987	20.2599	20.5189	13.8306	13.8619	15.6275	15.6649	17.939	18.455	20.1825	19.0145	24.2753	24.8787	24.2479	26.8757	25.3588	22.8821	26.5475	25.6754	26.9653	24.4525	18.4324	12.3104	3.18608	9.49966	12.5817	14.7391	11.6515	11.9219	14.9323	14.266	15.6856	18.7598	20.7311	18.2638	18.5078	16.0305	13.4674	15.5542	12.6078	13.0989	17.414	21.5609	22.4185	20.5127	9.40432	13.0716	13.2691	14.836	10.6529	12.3191	15.0983	18.6584	18.2112	14.8632	9.60622	10.263	6.77821	3.8975	6.27481	8.51767	14.2406	16.6913	16.4896	20.6013	19.4635	19.0007	16.0559	15.7877	12.8498	12.1192	6.45743	10.7356	8.62455	12.9064	14.7916	17.5757	20.5651	20.8435	24.117	26.3237	28.6378	27.4456	27.9456	28.1216	25.7296	26.3875	23.0677	26.3807	27.8208	29.5245	26.9925	20.7584	17.7277	11.3425	12.395	17.6029	17.6888	15.6287	15.2054	13.9885	7.35702	7.00042	14.7873	18.0081	20.0666	23.2642	24.4056	28.0508	31.3882	33.1997	35.1979	32.3133	
S336:A	31.9627	31.2392	28.0217	25.7141	22.7736	19.4147	17.1071	14.5204	14.3356	11.3164	10.9016	7.69264	4.17643	1.32546	0	3.23403	3.04074	3.15931	5.4871	9.08684	12.0258	15.4736	21.5249	24.8065	24.0729	24.8945	25.273	25.188	20.5371	23.7352	26.1171	23.4697	22.8225	16.8562	16.9104	17.2116	16.7644	19.2094	19.2194	21.4598	19.0146	24.6219	26.0581	25.4614	28.1915	27.739	25.231	29.1002	28.7086	30.2256	27.6113	21.1795	14.7908	5.26623	9.50309	12.9599	14.459	10.491	12.5443	14.7198	12.6353	15.0102	17.8634	19.3377	16.9585	16.6217	13.7175	10.8366	12.8896	9.42447	10.914	16.6379	20.2347	21.9652	20.938	12.5456	14.9892	14.7881	16.1696	12.5915	12.8228	14.4869	17.8794	16.1109	12.9913	8.91323	6.921	3.6283	3.54899	3.21308	5.3282	11.1374	13.5819	13.2591	17.4614	16.2355	15.8689	13.9267	14.4091	11.9306	9.99731	6.92184	7.93505	7.20253	10.6447	11.5379	14.3687	17.1759	17.4666	20.7421	23.0229	25.4239	24.3278	24.5966	24.8102	22.2386	22.7625	19.4173	22.535	24.1157	25.9035	23.4639	17.1678	14.0892	7.84713	10.404	17.4357	18.079	16.2941	15.2692	14.007	8.92212	9.25022	16.1263	19.8088	22.1313	25.3132	27.1423	30.3984	33.864	35.5361	37.3994	34.3631	
Y338:A	34.6869	33.2975	29.9178	28.1745	24.9506	22.3344	21.0115	18.4183	18.787	15.7865	16.1106	12.8902	9.47488	6.27458	3.23403	0	1.33941	3.45346	7.04396	10.0655	13.5055	16.5741	22.7998	25.858	25.7442	26.7712	26.902	27.1922	22.9496	25.3475	27.7867	25.8063	24.933	19.8457	18.9728	18.6482	17.476	20.1523	19.5987	21.8557	18.7008	24.5335	26.2494	25.9442	28.6808	28.8591	26.3484	30.2781	30.1951	31.8451	29.044	21.8238	15.9192	7.68722	10.2093	13.7173	14.1754	9.86026	12.5684	14.4683	10.832	14.1055	16.803	17.7427	14.9394	14.4395	11.1691	7.92096	9.42104	5.38728	9.14815	15.2711	18.5348	20.1434	20.6684	15.3949	17.5872	17.8156	19.9189	16.891	16.7307	18.3046	21.4402	18.7949	15.9598	12.5323	9.07773	6.73995	6.40649	3.87765	4.16126	7.15959	8.76519	8.53617	12.59	11.9795	11.8188	10.5235	11.677	9.1043	6.44693	4.02181	3.09893	3.90561	4.9634	6.47122	8.95135	12.1234	12.8263	15.9769	18.4131	20.6171	19.0344	19.51	19.5679	17.4435	18.521	15.594	19.3378	20.8075	22.1179	19.3015	13.0936	10.6299	3.8986	12.283	20.7899	19.4691	17.4587	15.7158	15.5848	10.8136	12.0515	16.1484	20.308	21.3545	25.3081	27.273	30.168	33.6588	34.8054	36.3274	33.1032	
A339:A	31.3921	29.8977	26.3014	24.5559	21.7079	18.5999	17.6565	14.4524	15.7432	12.2287	13.348	9.53184	7.04986	3.51469	3.04074	1.33941	0	1.33342	3.62654	6.76982	9.94607	13.2307	19.4759	22.8153	23.3473	24.5997	25.4721	25.7289	21.2214	24.5222	27.1062	24.955	25.1586	18.8857	18.2715	20.1458	18.7787	20.9969	19.9866	22.165	19.6775	24.6836	25.5115	25.6324	28.3486	27.7177	25.7844	29.385	28.448	29.677	26.5849	19.6129	13.5641	5.46053	12.6059	16.1156	16.8096	12.5794	14.9902	16.8043	13.3239	15.8554	18.2997	19.2943	16.8164	16.7042	13.4544	10.3392	11.5227	7.50282	10.3446	15.9943	19.831	21.1106	20.5153	14.246	18.5339	18.9466	20.3049	16.3635	17.7728	19.9988	23.499	21.6632	18.6377	14.4156	12.1907	8.9407	8.74642	5.77506	6.74292	10.4426	11.7241	10.7057	14.9987	14.0293	13.8957	12.3808	13.0889	9.92839	8.24656	3.5752	4.93926	3.6769	7.53926	9.84874	12.5767	15.7996	15.8841	19.093	21.3525	23.4214	21.9033	22.749	22.9592	21.2144	22.3849	19.3214	23.2715	24.1419	25.4006	22.4781	16.4665	13.9106	7.24784	14.7392	22.4573	21.7769	19.7709	18.2466	17.8009	12.3517	12.3707	15.231	18.9245	20.1521	23.9295	25.0951	28.5561	31.9462	33.2763	34.973	31.879	
W340:A	28.1196	25.7504	22.5082	21.2745	17.4925	16.4608	16.543	13.4028	15.1654	11.8287	13.9742	10.0321	7.69563	4.30728	3.15931	3.45346	1.33342	0	1.32921	3.90093	7.0813	9.5445	15.3745	18.0896	18.1613	20.1822	21.3511	22.7499	18.6748	21.285	24.0396	22.7601	22.967	17.2746	15.9406	17.6381	15.5111	17.7117	15.6866	17.3128	15.2653	18.9178	18.9677	20.0306	22.662	21.4228	21.1455	24.3559	23.2885	24.367	21.0852	13.6575	7.85463	3.76821	12.3159	15.3864	15.9182	12.355	12.849	14.5264	11.3299	12.348	14.0035	14.9971	13.5574	14.7284	12.0871	9.9156	9.39031	7.27245	5.76802	9.65311	13.8055	14.2921	14.0959	12.6567	16.9597	18.3929	20.3521	16.2499	18.0217	20.7903	24.302	23.1143	19.8876	15.2072	14.089	10.8751	9.39106	7.57464	8.85536	12.3055	13.1244	9.72227	14.7037	12.4226	10.9525	7.02794	6.43276	3.18276	3.3349	3.18036	5.37763	5.46248	9.72992	12.5771	15.1259	18.339	17.2052	20.9473	22.6547	24.2808	22.7252	24.5817	25.042	23.7918	25.1191	22.0659	26.0512	26.8327	27.8767	24.6353	19.1273	16.6349	9.98692	16.2833	23.0717	21.6015	18.9932	18.0367	18.2776	10.7309	10.6091	8.57752	12.3916	13.4155	17.1794	19.2548	22.1005	25.6132	27.0374	28.7608	25.6576	
E341:A	25.5097	23.7233	20.3689	18.5902	15.4607	13.0026	13.1976	9.59486	11.6144	7.88664	9.8438	5.95125	5.84645	3.44648	5.4871	7.04396	3.62654	1.32921	0	1.3298	4.23319	7.58609	13.6687	16.8864	16.9662	18.3319	19.6006	20.3323	16.0914	19.3358	22.0595	20.2917	21.8259	15.3878	14.1203	18.1115	15.9808	16.6215	15.8278	17.2146	16.3142	20.4265	20.2169	20.5076	23.1209	21.6828	20.207	23.5107	22.2121	23.3246	20.1796	13.4143	7.27268	2.85832	14.3887	17.3835	18.5259	15.1012	15.1507	17.1138	14.8466	14.8743	16.7352	18.9749	18.2671	19.2311	16.7725	14.4857	14.962	12.1014	10.7574	13.6746	18.2243	18.3359	16.1778	10.9486	17.1986	18.8363	19.2983	14.5008	17.5568	19.2975	23.4106	22.8323	19.5532	14.1358	14.4102	10.4624	9.07431	10.3869	12.0751	16.1861	17.4319	14.9336	19.9347	18.0662	16.8745	13.0169	12.4669	9.21297	9.1291	4.2328	9.64845	7.90066	12.6755	15.2646	18.1679	21.5431	21.5797	24.98	27.113	28.9856	27.2816	28.4641	28.5692	26.7645	27.5328	25.0095	28.5451	30.2403	31.5768	28.5576	22.6727	20.1162	13.2585	18.171	23.2346	23.2794	20.7305	20.1903	19.9094	11.8883	10.8188	10.0348	13.0325	14.8717	18.0333	19.3479	22.8251	26.2135	27.9465	29.8897	26.9702	
R342:A	23.5779	21.2992	17.6009	16.5626	13.3441	11.515	13.0269	9.65712	13.1234	10.4464	13.5826	10.2612	9.88102	6.59376	9.08684	10.0655	6.76982	3.90093	1.3298	0	1.3262	4.21239	10.4248	13.2418	14.8225	16.9156	19.1454	20.6529	16.5161	20.0893	22.8648	21.1834	23.4541	17.069	15.6581	20.2955	16.7356	17.1049	14.2285	15.2663	13.3641	16.0515	15.3759	17.255	19.7544	17.5254	19.1469	21.9383	20.4956	20.9615	17.3275	9.57003	3.95067	5.07392	17.4835	20.2335	20.8704	16.6583	15.7147	16.8469	13.6907	13.051	13.123	15.0009	15.8797	17.8011	17.1458	16.2967	14.4066	13.96	7.18703	7.90685	12.5713	11.9887	11.0448	12.9041	19.4173	21.2059	22.5751	17.5538	21.3658	24.1386	27.9839	27.8382	24.4828	18.904	19.566	15.866	13.212	13.9825	15.5711	19.3654	20.0094	14.9058	19.5883	17.4722	14.9756	9.05904	6.85567	3.37803	6.85195	6.50528	11.4062	9.97793	14.8159	18.0428	20.8425	24.2339	23.6715	27.4773	28.5326	30.1271	28.4926	30.5543	30.7698	29.6796	31.1539	28.4608	32.5008	33.4388	34.4548	31.3516	25.5952	23.3036	16.7029	21.9203	26.9475	26.1783	23.4504	23.1721	23.0682	14.4462	13.0631	5.22416	8.95154	8.13486	12.389	14.4685	16.9454	20.4514	21.7882	23.5988	20.5785	
K343:A	18.8578	17.3637	13.3821	11.9362	9.88339	6.61569	8.32499	3.85669	9.59223	7.30937	9.8991	9.31389	9.76415	8.74279	12.0258	13.5055	9.94607	7.0813	4.23319	1.3262	0	1.33388	7.1951	10.4848	12.0517	13.7016	16.3904	17.6927	13.8892	17.5638	20.3006	18.5232	21.909	15.3361	14.3447	19.8822	17.0635	15.3225	15.9032	15.7275	16.7428	19.2529	17.1849	18.3923	20.6617	17.8073	17.8433	20.2549	17.8793	18.2417	14.6395	7.63666	3.60269	5.98054	19.4048	21.795	23.0281	19.3641	18.4141	20.5606	18.3706	17.7476	18.3756	21.4048	21.646	23.4588	21.9359	20.2509	19.9421	17.9451	14.083	14.8602	19.5111	17.6472	14.4929	12.129	19.5966	21.7376	21.6952	16.1676	22.194	24.4599	28.5964	29.3094	26.3152	20.3759	22.0334	18.2818	14.9637	16.885	18.6462	22.6339	23.5731	19.8984	25.0366	23.052	21.226	16.0143	14.3863	10.7909	13.1221	9.70571	14.7775	13.3827	18.2333	21.4443	24.2778	27.6859	27.5552	31.019	33.0973	34.6858	32.782	34.2207	34.1917	33.1209	34.5748	31.8848	35.8698	36.8815	37.9214	34.8129	29.0563	26.7165	20.0866	24.2532	27.3631	27.5448	24.6998	24.8809	24.7868	15.6612	12.6439	7.2087	9.45164	10.1881	13.1057	13.3455	17.2437	20.4466	22.5081	24.6178	22.1047	
K344:A	17.8398	15.2526	11.0661	11.1031	8.29606	7.79885	11.2625	5.51838	13.5806	11.9117	15.047	13.3805	12.6545	12.1839	15.4736	16.5741	13.2307	9.5445	7.58609	4.21239	1.33388	0	3.62583	6.37014	11.4683	13.1148	16.7978	17.8712	14.6661	18.7144	21.3129	19.949	23.8309	17.892	16.2484	22.0484	19.2935	16.9205	17.8099	17.2061	18.0888	19.7148	16.5072	19.2696	21.1714	15.9118	18.6317	20.5839	17.4635	16.988	12.9114	3.34522	3.38702	9.16257	22.6749	24.9023	26.0114	22.2455	20.9803	23.1475	20.8193	19.8796	20.1881	23.163	23.9016	25.8234	24.7335	23.2555	22.4708	20.8354	15.9248	16.1896	20.6591	17.845	15.0761	14.6449	22.109	24.6773	25.6336	20.1251	25.5754	28.395	32.3438	32.9084	29.6254	23.7043	25.4483	21.6538	18.3123	20.3455	22.0349	25.8216	26.4845	22.0606	27.252	25.427	23.3861	17.7904	15.6319	12.212	15.1396	12.4617	17.3175	16.1474	20.88	24.1783	27.0287	30.457	30.3154	33.7775	35.8351	37.1248	35.2014	36.7754	36.6711	35.856	37.4104	34.9071	38.9648	39.9487	40.8671	37.7056	32.0609	29.8614	23.286	27.7165	30.9029	30.6252	27.6931	28.0257	28.0578	18.7673	16.4608	7.42851	8.98354	4.34694	9.24867	6.82473	10.876	13.646	14.4159	16.2748	13.6202	
S346:A	12.519	9.31947	4.91112	7.17937	5.84908	5.96632	11.6593	6.6581	15.47	15.375	18.1826	17.9465	16.6054	17.9198	21.5249	22.7998	19.4759	15.3745	13.6687	10.4248	7.1951	3.62583	0	1.33486	8.76038	11.1065	16.0535	16.4031	14.6042	18.8929	21.2685	20.2194	24.4153	19.6291	17.5792	24.1491	21.3475	17.5796	19.7375	18.0319	19.4042	20.8088	17.3033	19.6931	20.5796	15.3802	17.682	18.5464	15.1274	12.5748	9.44912	3.32046	7.06129	13.8363	27.6395	29.3677	30.5365	26.8406	24.9348	27.1422	25.2175	23.7205	23.1455	26.7197	27.8815	30.2877	30.0066	28.9142	27.9425	26.789	20.5141	19.7755	24.0573	20.6224	16.5261	17.6781	25.1953	28.3501	29.059	23.4812	29.8979	32.791	36.6737	37.8274	34.6522	28.6174	31.1331	27.3906	23.4513	26.3115	28.0568	31.8848	32.4143	27.0646	32.2119	30.6429	28.3025	22.4209	19.7754	16.4224	19.9013	18.4215	22.9362	22.0431	26.5351	29.8874	32.4427	36.1517	36.0057	39.4359	41.2098	42.2853	40.3506	42.109	41.8655	41.4547	43.1426	40.9232	45.064	46.0158	46.756	43.5327	38.0731	36.0636	29.566	33.1589	34.8513	34.8069	31.7628	32.5779	32.771	23.2743	20.3128	9.31311	10.1863	7.25379	9.95843	5.55062	11.1951	13.3247	15.6565	17.53	15.9639	
N347:A	10.216	6.49969	2.73144	6.55167	5.54091	6.94956	13.4693	9.7917	18.3422	18.7703	21.5337	21.4949	19.765	21.3867	24.8065	25.858	22.8153	18.0896	16.8864	13.2418	10.4848	6.37014	1.33486	0	7.25923	10.0874	15.2296	15.5709	14.8959	18.9365	20.8956	20.5636	24.9288	21.8155	19.3718	26.0373	23.0905	18.2459	20.7994	18.5301	19.4227	20.3887	16.669	19.3391	19.4059	14.2978	16.4856	16.8364	13.3941	10.2811	7.49866	2.8443	9.06636	17.0754	30.5304	31.7889	32.9871	29.2302	27.1223	29.0029	27.2263	25.4605	24.1674	27.9805	29.5232	32.1056	32.3228	31.5096	30.2171	29.4599	22.3602	20.8261	24.848	20.8258	16.5514	20.4417	27.7225	31.2679	32.1164	26.5857	33.1314	36.1653	39.961	41.2274	38.0691	32.0527	34.6284	30.9143	26.8772	29.5498	31.1697	34.7823	35.3423	30.0969	35.0602	33.2412	30.707	24.6385	21.8548	17.9994	22.4187	22.0085	26.1392	25.5629	30.1228	33.5292	36.162	39.7141	39.0606	42.6537	44.1339	45.4293	43.6034	45.5004	45.5037	45.0846	46.7784	44.3624	48.5085	49.2349	49.9749	46.6876	41.352	39.2481	32.7091	36.4193	37.9546	37.5432	34.3984	35.2745	35.7325	26.1934	23.2972	10.2943	10.1993	7.30835	8.13265	3.07551	8.06289	9.73102	11.7312	13.6621	13.015	
A350:A	9.74995	7.76336	6.07441	5.84791	3.75051	7.64656	10.871	12.0914	15.5573	17.5777	20.8864	21.4364	17.345	20.9148	24.0729	25.7442	23.3473	18.1613	16.9662	14.8225	12.0517	11.4683	8.76038	7.25923	0	1.33144	5.37195	7.38165	7.82404	10.2151	11.7766	13.0148	16.9806	15.8816	12.6878	18.7711	15.7713	9.9671	13.2286	9.96708	12.2394	13.1766	10.0237	11.0012	10.7825	6.3369	6.54895	7.00414	3.71201	3.88636	2.93623	7.00467	8.84871	15.6444	25.7671	26.0343	27.6265	24.2688	21.1172	23.1012	22.4775	19.7896	18.4897	22.9895	23.9301	27.4506	28.8976	28.8912	27.401	27.8886	19.9343	17.8259	20.0153	16.5374	10.2355	15.9495	22.0653	26.8394	27.6141	23.5407	30.0127	33.599	36.9716	38.7162	35.7733	30.1479	33.3439	30.3058	25.2211	28.0401	29.1975	33.1098	34.4844	30.4209	34.7328	32.1545	29.3728	23.592	20.9204	15.5855	22.1976	23.6331	26.7394	26.9491	31.4732	34.8438	37.3789	40.5475	38.4936	42.4602	43.4117	45.1896	43.8717	45.9814	46.6359	46.0108	47.6122	44.5424	48.5825	48.6156	49.4366	46.0966	41.1552	38.7595	32.329	33.6051	34.0549	32.1548	28.8326	30.1149	31.0682	22.0622	18.774	7.94154	3.54139	7.87037	8.2927	8.81767	12.7097	14.7789	17.5439	21.0045	21.4393	
D351:A	7.0657	8.70535	7.65329	4.06514	4.99466	7.65633	9.13737	11.8309	12.5658	15.9162	19.3476	20.7303	16.15	21.1349	24.8945	26.7712	24.5997	20.1822	18.3319	16.9156	13.7016	13.1148	11.1065	10.0874	1.33144	0	3.12998	2.69789	3.90437	6.37785	7.87546	8.47287	12.5173	12.1188	9.07677	15.3857	13.3213	7.50628	13.1737	9.62236	13.9341	14.8786	11.8976	11.9935	12.005	7.59798	5.96975	5.94088	4.70812	3.61118	5.8795	9.94871	11.3317	15.9294	24.5427	24.4741	26.5202	24.0284	19.8886	22.814	23.0064	20.6141	19.9629	24.634	24.599	28.4976	29.9789	29.9177	28.874	29.5494	22.2586	20.4145	22.426	19.3477	12.7604	13.7234	18.7975	23.5837	23.7512	20.6278	27.3148	30.8151	33.902	36.0818	33.706	28.3382	32.3807	29.9116	23.8072	28.369	29.6535	34.1319	36.0948	32.7821	37.1027	34.3942	31.7307	26.117	23.617	18.199	24.7052	25.4076	28.785	28.6419	33.286	36.533	39.1045	42.2839	40.4099	44.3195	45.5096	47.2693	46.0758	48.1494	48.67	47.7548	49.1695	45.8102	49.5725	49.7747	50.7581	47.6597	42.5671	39.7987	33.5101	32.0373	30.6816	29.4059	26.0037	28.0648	28.8802	20.1897	16.984	10.8218	6.07173	11.2768	11.4462	12.1638	16.0012	18.104	20.8311	24.3908	24.7868	
S353:A	11.8239	13.2281	12.6453	9.2024	9.44014	11.6366	11.7006	14.3597	14.4463	17.7127	21.1701	22.1523	17.0537	22.0265	25.273	26.902	25.4721	21.3511	19.6006	19.1454	16.3904	16.7978	16.0535	15.2296	5.37195	3.12998	0	1.32897	3.24182	3.62676	3.02672	5.67307	9.26961	10.6302	8.6568	13.2636	11.8136	5.59957	11.1516	7.65529	12.202	12.7929	10.1028	9.55992	8.52383	5.06493	2.48767	3.37545	3.65467	5.6248	7.75758	13.6011	13.8135	16.8628	23.6376	23.1446	25.2949	22.8074	18.5234	21.2344	21.7797	19.1982	18.5229	23.2776	23.0166	27.1373	29.0559	29.1898	28.1231	29.2945	22.1418	20.2672	21.1885	19.0663	12.362	13.9606	17.6997	22.9511	22.6647	21.3336	27.376	30.7457	33.6261	35.9309	33.9908	28.9391	32.8245	30.5278	24.5801	28.3987	29.3245	33.7712	35.7099	33.1809	37.2015	34.1787	31.5528	26.443	23.8411	18.6666	25.4958	26.7343	29.5669	29.7387	34.1765	37.2699	39.6406	42.6271	40.1411	44.1771	45.0923	46.9299	46.1711	48.2959	49.0899	47.8198	49.2958	45.8686	49.549	49.4969	50.3977	47.3623	42.5174	39.6468	33.6328	31.7771	29.9628	27.6879	23.4872	26.274	27.9	19.0867	16.7399	12.6811	7.54894	14.1425	13.3428	16.2386	19.3015	21.2383	23.6998	27.7889	28.5727	
V354:A	8.42517	11.3647	11.2213	5.88673	8.41331	10.4767	9.59292	12.3358	11.0723	15.6721	18.9014	20.8166	15.8662	21.4984	25.188	27.1922	25.7289	22.7499	20.3323	20.6529	17.6927	17.8712	16.4031	15.5709	7.38165	2.69789	1.32897	0	1.32875	3.48389	3.49543	3.27994	6.98322	7.7705	6.57427	11.9661	11.3602	6.51671	12.5745	9.9913	14.6985	15.8872	13.6665	12.5768	12.3591	9.0191	5.94107	6.07413	7.45529	7.84058	10.7795	15.6501	15.6674	16.6968	22.8417	22.363	24.3819	23.0936	18.3496	21.5312	22.9318	21.0832	20.7227	25.4962	24.671	28.7652	30.1923	29.9907	29.5423	30.4244	24.2743	22.6808	23.7586	21.792	15.1279	12.3459	15.6133	20.372	19.6089	18.3005	24.664	27.9769	30.7485	33.1402	31.4184	26.5825	30.9437	29.217	22.7127	28.0904	29.2951	34.2081	36.3805	34.7127	39.026	35.9159	33.5732	28.5888	26.2031	20.9793	27.5451	27.5472	30.8669	30.4665	34.9817	37.8311	40.2323	43.2089	41.2544	45.0949	46.2636	48.2086	47.5467	49.3999	50.0698	48.4851	49.4929	46.0063	49.4228	49.7332	50.8449	48.0565	42.9297	39.777	33.8662	29.7769	27.1567	26.0382	22.2695	24.9658	26.1843	17.5723	15.5681	14.8875	9.98689	16.5279	16.5085	18.3615	22.0425	24.0497	26.7207	30.3486	31.0234	
L355:A	12.3497	14.2159	12.1491	8.58602	6.60426	7.75011	6.48487	8.93206	7.45505	10.9455	14.293	15.9324	11.0645	16.7564	20.5371	22.9496	21.2214	18.6748	16.0914	16.5161	13.8892	14.6661	14.6042	14.8959	7.82404	3.90437	3.24182	1.32875	0	1.33432	3.25269	3.10076	5.55841	5.71936	3.50611	8.3094	7.65826	3.73726	9.73286	8.88766	13.5777	16.2195	14.7436	12.9318	14.0096	10.6837	7.27604	7.96581	9.63996	11.3378	12.38	13.8458	12.4397	12.1181	19.2209	18.598	20.6476	19.4952	14.649	17.8948	19.6417	18.0405	18.1865	22.853	21.618	25.6223	26.7442	26.4494	26.05	26.723	21.0365	20.1434	22.0992	20.5317	14.3767	8.18735	12.3745	17.3291	17.4783	14.3979	21.0671	24.5257	27.5511	29.7773	27.603	22.3884	26.7623	24.6556	18.1616	23.7453	25.2607	30.331	32.6044	30.8969	35.394	32.3439	30.0694	25.3051	23.3356	18.0701	23.9352	23.1441	26.8279	26.1286	30.6988	33.4471	35.9101	38.9359	37.4711	41.2058	42.5962	44.5785	43.7581	45.4301	45.9779	44.2768	45.152	41.6942	45.0698	45.6817	46.9248	44.1812	38.7816	35.6168	29.5741	26.1995	24.3307	22.6166	18.8152	21.362	22.744	14.0146	11.6756	12.3966	9.03196	15.4985	16.8613	17.6986	21.9409	24.3459	27.0875	30.4613	30.2869	
Y356:A	15.3564	17.6618	16.3203	12.1459	11.5796	12.9001	11.6616	14.2295	12.5501	16.1022	19.4031	20.5486	15.0897	20.5745	23.7352	25.3475	24.5222	21.285	19.3358	20.0893	17.5638	18.7144	18.8929	18.9365	10.2151	6.37785	3.62676	3.48389	1.33432	0	1.33835	3.13164	5.44735	6.7832	5.20395	8.78443	7.57264	3.50614	6.53646	6.23879	10.1159	12.2853	12.1882	8.54134	10.3908	9.32116	4.22454	5.48695	9.45829	11.9911	13.9074	16.7281	15.056	15.8931	19.6816	18.1107	20.3076	18.7325	14.0639	16.0769	17.8231	15.0615	15.2334	19.7755	18.4361	22.9017	25.2382	26.1957	25.3438	27.2372	20.911	18.9102	18.8935	18.655	13.0633	10.904	13.7036	19.1457	18.8775	18.2828	23.9718	27.1792	29.9086	32.2231	30.525	25.8005	29.8938	28.0718	21.9165	26.2458	26.9844	31.3515	33.2658	31.9094	35.7165	32.3836	29.2313	25.7703	23.2679	18.9017	25.4962	26.4352	29.1233	29.119	33.4193	36.2411	38.491	41.3389	38.0294	42.1798	42.5281	44.5672	44.474	46.6312	47.8046	46.0084	47.5579	44.0269	47.2934	46.9119	47.655	44.9034	40.2326	37.4544	31.978	27.9452	26.0063	22.9226	18.4742	21.5799	23.5011	14.9085	13.6583	14.1622	10.1641	17.383	17.5474	20.8826	24.24	26.6865	29.1714	33.0811	33.0597	
N357:A	13.0076	17.1488	17.4238	12.1126	13.4349	14.9277	13.5362	16.1674	13.3836	17.9284	20.9387	22.7105	17.3306	22.987	26.1171	27.7867	27.1062	24.0396	22.0595	22.8648	20.3006	21.3129	21.2685	20.8956	11.7766	7.87546	3.02672	3.49543	3.25269	1.33835	0	1.33212	3.75567	6.18509	6.81697	10.2895	9.98972	6.01149	10.9758	10.1523	14.7243	16.6214	15.3614	12.4803	12.7194	11.0469	7.34573	4.8115	9.67777	11.9182	14.3922	19.249	17.8714	18.4575	21.9485	20.9423	23.037	21.9815	17.0448	20.0416	21.8068	19.8237	20.0239	24.7186	23.2669	27.5558	29.4644	29.4948	29.0709	30.5303	24.5236	23.3157	23.8182	22.8243	16.6512	12.2062	14.5619	19.5135	18.2253	18.794	24.2903	27.4154	29.9541	32.4231	31.0869	26.8353	31.0222	29.922	23.5437	28.4679	29.2664	34.094	36.2232	35.0249	39.1959	35.9161	33.5238	29.1979	26.9754	22.1428	28.5038	29.152	31.8019	31.7736	36.0369	38.7866	40.9961	43.7913	41.2523	45.1741	46.011	48.041	47.7122	49.6815	50.5515	48.7209	49.8487	46.297	49.5109	49.583	50.5941	47.913	42.9414	39.8523	34.3488	29.0067	25.975	23.9542	19.7747	23.0491	24.9011	16.2966	15.6067	16.9242	12.707	19.8512	19.9258	22.9637	26.1172	28.0421	30.5269	34.5756	35.2395	
S358:A	14.8404	18.3259	17.0887	12.4052	11.9388	12.6112	10.3816	12.7684	9.43569	14.0764	17.0823	19.0506	14.317	20.2599	23.4697	25.8063	24.955	22.7601	20.2917	21.1834	18.5232	19.949	20.2194	20.5636	13.0148	8.47287	5.67307	3.27994	3.10076	3.13164	1.33212	0	1.33057	3.09863	4.30838	7.0301	8.27498	6.57693	11.0609	12.0864	16.5203	19.0285	17.9729	15.3349	16.4697	14.2209	9.87849	9.43375	13.7016	15.2953	17.1666	19.4902	17.507	16.1021	18.9174	17.8313	19.8019	19.576	14.6777	17.8951	20.0731	19.2604	20.2748	24.7018	22.3743	26.4455	27.7809	27.7	27.8805	29.2366	24.4444	24.1328	24.9612	24.5704	18.6433	9.2067	11.3012	16.3568	15.3124	15.1725	21.0192	24.2034	26.8308	29.2797	27.86	23.4231	27.7307	26.4917	20.0801	25.9817	26.9437	32.0107	34.2829	33.9843	38.0551	35.0263	32.8656	29.2291	27.5486	22.4715	27.9328	27.1916	30.6088	29.9542	34.2577	36.7338	39.016	41.8228	39.6924	43.4155	44.326	46.478	46.3729	48.0635	48.9331	46.7762	47.5465	43.974	46.8579	47.1112	48.2473	45.8404	40.6588	37.5003	32.2106	25.7223	22.9281	20.5961	16.5368	19.6448	21.5214	12.9533	13.0035	17.3328	13.8835	20.8318	21.8942	23.4341	27.5037	29.8464	32.5506	36.079	36.0145	
T359:A	18.5089	22.4763	21.5133	16.6305	16.377	16.8819	14.2395	16.5265	11.4169	15.741	18.1411	19.5401	14.9323	20.5189	22.8225	24.933	25.1586	22.967	21.8259	23.4541	21.909	23.8309	24.4153	24.9288	16.9806	12.5173	9.26961	6.98322	5.55841	5.44735	3.75567	1.33057	0	1.33799	3.27426	5.43585	8.00557	8.6194	12.5839	14.4966	17.7989	21.6292	20.9924	18.0561	19.6165	17.599	12.9281	12.7602	17.2368	18.967	20.8622	23.3452	20.3714	17.549	16.7709	15.419	17.4527	18.1025	13.5296	16.8197	19.2852	19.61	21.2436	25.3062	22.3168	25.6581	26.758	26.4648	27.2793	28.4451	24.8739	25.3415	26.4963	26.4253	21.1899	7.12317	8.366	12.8805	11.7508	13.8397	17.95	20.8175	23.178	25.6339	24.6666	21.1498	25.088	24.802	18.8365	24.4011	25.2144	30.4429	32.8276	33.3294	37.2486	34.5267	32.6128	29.6063	28.4033	23.8248	28.2589	28.0431	30.5533	30.091	33.9373	35.5256	38.0298	40.5352	38.4625	42.0135	42.8897	45.2623	45.3275	46.7366	47.6602	45.1589	45.6215	42.0138	44.5437	45.0377	46.2968	44.0982	38.8037	35.5874	30.8462	22.5252	19.0978	17.0889	13.0385	16.5433	18.3236	10.2402	11.7101	20.1002	17.1275	24.3107	25.2086	27.5914	31.3617	33.7746	36.4052	40.0962	39.9814	
F360:A	18.9726	22.1783	19.806	16.24	13.4233	12.4165	8.58867	10.4058	4.71871	8.13362	10.4578	11.9092	7.97528	13.8306	16.8562	19.8457	18.8857	17.2746	15.3878	17.069	15.3361	17.892	19.6291	21.8155	15.8816	12.1188	10.6302	7.7705	5.71936	6.7832	6.18509	3.09863	1.33799	0	1.33752	4.14553	6.72832	7.45776	11.3517	13.7035	16.457	20.997	20.8278	18.198	20.1573	18.1397	13.6351	14.3868	17.7984	19.4655	20.2995	19.4016	15.3533	10.8225	14.1456	13.2478	15.4609	15.6832	11.3344	14.8864	17.1878	17.7029	19.5861	23.5358	20.5982	23.5825	24.3531	23.5872	24.3709	24.3752	20.9804	22.0675	24.9316	24.2676	19.2802	3.43289	5.49835	10.298	10.0307	7.68885	14.203	17.5495	20.4396	22.7542	20.9546	16.1044	20.5871	19.062	12.6758	19.6952	21.3031	26.7422	29.226	28.9948	33.2701	30.7712	29.1749	25.4036	24.1439	19.5157	23.2904	21.5266	25.1538	24.0519	28.2896	30.3337	32.8471	35.6696	34.5115	38.0245	39.4598	41.7463	41.2249	42.4177	43.0089	40.8008	41.1966	37.6978	40.5853	41.5423	42.969	40.5861	34.9753	31.601	26.0463	19.8718	17.1254	15.8953	12.3575	15.1929	16.1357	8.08722	7.37302	15.9533	14.6716	21.029	23.3535	24.6348	28.9198	31.7604	34.4343	37.5353	36.4471	
