		V2:Q	Q3:Q	R5:Q	E6:Q	S7:Q	G8:Q	P9:Q	G10:Q	L11:Q	V12:Q	K13:Q	P14:Q	S15:Q	E16:Q	T17:Q	S19:Q	S21:Q	T23:Q	S25:Q	Q26:Q	D27:Q	S28:Q	R29:Q	P30:Q	S31:Q	D32:Q	H33:Q	R39:Q	Q40:Q	S41:Q	P42:Q	G43:Q	K44:Q	A45:Q	L46:Q	E47:Q	W48:Q	D51:Q	I52:Q	H53:Q	Y54:Q	N55:Q	G56:Q	A57:Q	T58:Q	T59:Q	Y60:Q	N61:Q	P62:Q	S63:Q	R65:Q	S66:Q	R69:Q	I70:Q	E71:Q	L72:Q	D73:Q	Q74:Q	S75:Q	I76:Q	P77:Q	R78:Q	S80:Q	K82:Q	T84:Q	S85:Q	M86:Q	T87:Q	A88:Q	A89:Q	D90:Q	T91:Q	G92:Q	M93:Q	Y95:Q	R98:Q	N99:Q	I101:Q	R102:Q	I103:Q	Y104:Q	G105:Q	V106:Q	V107:Q	A108:Q	L109:Q	G110:Q	E111:Q	W112:Q	F113:Q	H114:Q	Y115:Q	G116:Q	M117:Q	D118:Q	V119:Q	W120:Q	G121:Q	Q122:Q	G123:Q	T124:Q	A125:Q	T127:Q	V128:Q	S129:Q	S130:Q	A131:Q	S132:Q	T133:Q	K134:Q	G135:Q	P136:Q	S137:Q	V138:Q	F139:Q	P140:Q	L141:Q	A142:Q	P143:Q	S144:Q	S145:Q	K146:Q	S147:Q	T148:Q	S149:Q	G150:Q	G151:Q	T152:Q	A153:Q	A154:Q	L155:Q	G156:Q	L158:Q	K160:Q	D161:Q	F163:Q	P164:Q	E165:Q	P166:Q	V167:Q	T168:Q	V169:Q	S170:Q	N172:Q	S173:Q	G174:Q	A175:Q	L176:Q	T177:Q	S178:Q	G179:Q	V180:Q	H181:Q	T182:Q	F183:Q	P184:Q	A185:Q	V186:Q	L187:Q	Q188:Q	S189:Q	S190:Q	G191:Q	L192:Q	Y193:Q	S194:Q	L195:Q	S196:Q	V198:Q	T200:Q	V201:Q	P202:Q	S203:Q	S204:Q	S205:Q	L206:Q	G207:Q	T208:Q	Q209:Q	T210:Q	Y211:Q	I212:Q	N214:Q	V215:Q	N216:Q	K218:Q	P219:Q	S220:Q	N221:Q	T222:Q	K223:Q	V224:Q	D225:Q	K226:Q	R227:Q	E229:Q	P230:Q	K231:Q	S232:Q
V2:Q	0	1.33068	7.0507	10.4408	13.7205	17.2497	20.5554	21.2425	23.6546	26.8424	30.0828	32.2157	32.8842	29.2158	27.0488	20.7381	13.7913	7.43495	3.31675	2.83214	3.22212	4.97369	7.11898	7.78503	10.5011	11.1042	8.4071	18.6384	19.5002	23.3793	25.9056	27.2454	23.1174	23.7225	18.3941	19.606	18.9052	16.4011	15.6364	15.6081	12.5489	18.101	20.0425	20.924	23.1511	21.4703	22.968	23.8625	27.1715	28.761	28.1691	29.7072	23.0564	18.4875	18.1671	16.3667	15.3424	15.6402	14.3767	12.772	10.0893	13.4453	16.2543	21.4357	27.7262	30.6879	28.2681	28.2584	30.2021	28.8695	25.1921	25.2509	21.6094	17.7151	13.0702	6.1517	10.8998	12.8073	13.1817	17.4212	20.8771	22.4098	24.0617	20.5437	24.4396	26.5802	25.4022	21.8012	19.1258	17.9686	17.1826	12.5622	12.0465	10.9607	7.52437	3.50647	5.6379	7.70502	9.06823	11.7428	14.9544	18.503	24.7489	28.1125	30.9939	33.9854	34.7394	33.0689	30.0316	34.1374	32.6544	30.3513	34.366	34.1657	36.229	37.888	38.1242	40.5676	40.2671	43.511	44.2168	46.4764	47.6203	46.5413	43.8293	42.0256	39.391	39.9087	36.0667	37.028	33.8304	34.5131	33.82	34.8681	32.7006	28.6637	25.6759	23.997	21.3741	22.0724	20.4846	22.4776	22.3123	26.3083	23.0837	22.3016	24.5004	24.5715	21.1764	25.0311	26.8215	23.4821	26.7624	25.2397	28.1065	27.7953	30.9095	33.7519	35.1514	37.6135	40.5709	38.0309	33.762	34.3731	29.7355	32.7879	27.3448	30.7352	30.776	30.9465	32.0011	32.5422	36.9713	39.9956	40.2944	36.9562	38.71	36.4684	32.5991	34.9175	28.7043	29.5105	25.9335	24.7946	22.5055	20.776	25.7354	27.3901	28.5642	25.1731	27.9814	29.7382	28.7473	32.7631	35.2011	39.6693	41.537	42.237	41.6046	
Q3:Q	1.33068	0	4.55763	8.14224	11.2079	14.6077	18.0312	19.0364	21.5571	24.8113	28.0488	30.4045	30.8336	27.1451	24.7353	18.3185	11.2869	4.27611	3.22279	3.19154	5.27955	7.71198	9.84976	8.31523	11.464	13.0863	10.3365	18.4184	19.8228	23.1597	25.4845	27.3345	22.9604	23.8629	19.1215	19.8242	19.0831	15.9918	14.7013	15.8526	12.0175	17.9476	19.4174	19.6971	21.9544	20.6378	21.7295	23.3222	26.7643	28.2174	26.9512	28.201	20.944	16.6175	15.8388	14.9673	13.7716	14.9379	13.5686	10.9908	8.63336	10.8616	13.6672	19.4149	25.9131	28.964	26.8559	26.9907	29.1705	28.0517	24.4009	24.2815	20.529	17.2108	12.3504	7.84108	11.5968	14.2768	16.1907	19.77	23.2949	24.9465	26.1088	22.3681	25.8711	28.1068	26.9896	23.8231	19.8477	19.6548	18.134	14.7352	13.8485	13.0409	9.7354	5.73418	5.92148	7.08082	7.92851	10.6617	13.6734	17.0553	23.2172	26.5824	29.2834	32.1422	32.7307	30.8839	27.8716	31.9194	30.4417	27.9054	31.8026	30.969	33.3739	34.9916	35.5971	37.7693	37.3394	40.7976	41.3678	43.8521	44.8404	44.2266	41.8076	39.7829	37.4183	37.6969	33.6968	34.694	31.2179	31.9297	31.4044	32.7923	30.7093	26.8963	23.716	22.5379	19.6551	20.2891	18.0964	19.7097	19.0275	22.2425	19.0072	18.5091	20.6697	21.6815	18.415	22.7696	24.7483	21.4504	24.8325	23.4053	26.8362	27.2607	30.0539	32.7917	34.0592	36.4091	39.2173	36.3726	32.2131	32.82	28.3878	31.3948	26.201	29.066	28.7384	28.6509	29.1637	29.9527	34.3262	37.1602	36.9239	33.4595	34.6074	32.1578	28.7063	31.3332	25.1289	25.6933	22.4217	21.7823	20.3237	18.185	23.3343	24.7254	25.6294	22.2421	24.5678	26.3065	24.8875	29.1324	31.5455	36.2515	37.9591	39.0319	38.3334	
R5:Q	7.0507	4.55763	0	1.33454	4.23025	7.63266	11.0635	12.0659	14.633	17.9358	21.2155	23.7552	24.367	20.6715	18.3113	11.9296	4.90346	2.93693	6.54756	9.42329	10.081	13.3419	13.9979	11.857	14.8692	16.7648	14.0225	14.7586	15.8613	18.9205	20.7357	22.9701	18.9491	20.3565	16.431	17.0822	17.991	16.6332	13.9487	16.6974	13.7495	19.5493	20.0887	19.1886	20.9867	19.0427	19.1179	21.027	24.4232	24.7178	23.2393	23.8473	16.8909	13.7434	13.3436	14.1918	13.1589	15.8233	14.881	11.3826	7.86914	8.74154	9.68478	14.4802	20.5309	23.5699	21.3478	21.0311	23.1808	22.5809	19.1322	18.6367	14.822	12.5098	8.41049	9.63094	12.7388	17.0953	20.2818	23.4148	26.8301	28.6543	29.4011	25.6107	28.6632	30.8816	29.6389	26.9883	21.8918	22.3321	19.8272	17.9292	15.5804	14.1498	11.9831	8.15269	5.64389	4.55598	4.06969	6.22545	7.93991	11.0089	16.7801	20.1056	22.5933	25.3308	25.8337	24.0572	21.1877	25.3462	24.061	21.3087	25.1796	24.65	26.7925	28.5067	29.136	31.4462	31.4375	34.8716	35.9913	38.4848	40.331	39.8634	37.7927	35.6185	32.5994	32.449	28.2365	28.8145	25.1699	25.6093	24.6339	25.9224	23.9491	20.4538	17.2948	16.6185	13.5783	13.4002	11.2923	13.343	12.9332	17.6806	14.4841	14.1602	16.2869	16.8459	14.315	18.7495	19.6711	16.1076	18.9698	16.9277	20.3214	21.0037	23.5901	26.5579	28.2487	30.4715	32.947	29.8726	25.9272	26.6346	22.416	24.5222	19.4087	22.3807	22.6726	23.6116	23.9913	25.8157	29.4386	32.886	33.1336	29.2238	31.0819	28.3152	25.6313	26.0789	20.7308	20.2105	16.4276	15.3711	13.7281	11.8541	16.8533	18.7212	19.9186	16.397	18.9038	20.3232	19.4062	23.2689	25.7738	30.4043	32.453	33.4794	33.1756	
E6:Q	10.4408	8.14224	1.33454	0	1.3317	4.7923	8.02452	8.76531	11.1738	14.44	17.7708	20.103	21.2271	17.5867	15.8376	9.59131	3.46052	4.94499	9.70794	12.9027	13.314	16.7799	16.9311	14.5473	17.3518	19.1221	16.0153	9.59481	10.2221	13.2197	15.1081	17.262	13.4125	14.7244	11.0073	12.2317	13.8646	15.6301	13.8808	17.192	15.7304	20.7676	20.9957	18.9288	20.2335	17.3306	17.1534	17.7227	20.9974	20.7939	20.5697	20.9405	15.543	12.9204	13.5684	14.857	14.0262	17.07	16.3576	12.7151	9.5712	9.12965	9.53339	12.3217	17.4883	20.337	17.4615	16.8026	18.8729	17.433	13.9842	13.5418	9.73466	6.99157	3.76797	9.68125	12.9501	18.7702	22.1358	25.6403	28.7261	30.9489	31.5306	27.7813	30.2532	32.3217	30.5129	28.7335	22.617	23.2671	19.7091	18.9707	15.7354	12.4461	12.8765	9.3322	5.94572	3.45102	2.83941	2.90793	3.57352	6.78355	12.7066	16.083	18.8382	21.7329	22.3732	20.8784	18.1819	22.5156	21.8218	20.574	24.8028	25.8308	28.2761	30.6536	31.4867	34.1881	34.9538	38.2106	40.1397	42.4493	45.1017	44.4577	42.5139	40.2754	36.8184	36.2323	32.0363	32.1737	28.537	28.4476	25.908	25.1067	22.4948	17.1943	14.3315	12.6021	11.1411	13.8596	12.7341	16.2565	17.3399	22.9824	20.0916	20.031	22.3686	22.293	20.5362	24.4295	24.0464	20.1393	21.6266	18.6558	20.5131	19.0788	21.3718	23.5435	24.2003	26.6271	29.2272	26.4338	22.3683	23.4875	18.51	23.1075	18.1016	23.1504	25.3633	27.4762	28.7092	31.0936	34.2291	38.002	38.7608	34.7115	36.7971	33.5957	32.0743	30.8009	26.2717	23.8801	19.3548	16.449	12.9283	9.20069	14.3599	16.0572	17.8398	14.8971	18.3242	20.8815	21.4699	25.6524	28.7888	34.0782	36.6176	37.6222	37.8039	
S7:Q	13.7205	11.2079	4.23025	1.3317	0	1.33185	4.58855	5.80996	8.44429	11.516	14.597	17.312	17.8983	14.2441	12.0429	5.98653	2.71663	5.0044	11.2248	14.9675	15.844	19.1905	18.819	15.5355	17.95	19.8495	17.0253	13.4335	14.4803	17.0773	18.1044	20.8938	18.1059	19.1276	16.7033	16.6262	17.078	16.9166	13.8379	16.9918	14.5041	19.9338	19.5962	18.5694	19.8538	18.3268	17.3779	19.4545	22.5122	21.5671	19.8742	19.571	13.4946	11.9259	11.2746	12.3844	11.3453	14.6945	14.1768	10.9707	8.41087	5.45986	7.01658	10.5508	15.3768	18.2596	16.0643	15.2238	17.753	18.5298	15.1177	14.5007	11.4896	11.2372	8.74384	13.1995	16.1377	21.4542	24.8465	27.8705	31.2627	32.6643	32.5671	28.6047	30.7989	33.1442	32.6464	30.7086	24.2646	26.3529	22.6418	22.9502	19.7787	17.0302	17.222	13.4231	10.6966	8.48887	7.75644	7.96275	5.59097	8.37345	11.8446	14.6978	16.7824	19.2691	19.7844	18.2149	16.171	20.4351	20.0952	19.3289	23.7955	25.6172	28.0361	30.746	32.5741	35.2032	36.3485	40.0797	42.3256	44.8325	47.5181	47.3524	45.7167	43.3373	39.9756	39.2349	34.8358	34.508	30.6151	29.8572	26.2084	24.7178	21.7084	16.0628	13.2853	12.8285	11.1574	14.8146	13.4856	17.848	18.5992	24.3549	21.7244	21.8016	24.1874	25.0201	23.5902	27.7751	27.3539	23.6202	24.6235	21.1651	22.98	22.2149	23.5135	24.6487	24.6328	26.9936	28.3352	24.9125	21.5584	22.3958	18.7969	23.5225	19.7855	24.5834	27.7005	30.4222	31.2207	33.9863	36.5653	40.5202	40.8281	36.6102	38.1949	34.8915	33.828	32.1161	28.1854	24.7485	19.9109	16.678	12.7045	7.65248	12.2866	14.3871	16.5124	14.2911	17.9594	20.8071	21.9572	26.0318	29.2973	34.6694	37.3703	38.7808	39.6193	
G8:Q	17.2497	14.6077	7.63266	4.7923	1.33185	0	1.35697	3.68017	6.41703	9.50127	12.5467	15.6993	16.5152	13.068	10.7991	5.06842	4.75859	7.97658	14.1825	17.8953	19.0437	22.2882	21.9066	18.7245	21.1863	23.0324	19.9927	15.2236	16.0366	18.1725	18.4043	21.3113	18.4363	20.6272	18.6837	18.8104	19.0867	19.1764	16.4174	19.7768	17.8039	22.987	22.386	21.0159	22.0162	20.0682	18.6956	21.0957	24.0145	22.6531	20.5663	19.8064	14.3325	14.0074	13.8103	15.1224	14.2676	17.7719	17.099	14.1537	11.6984	7.25353	9.19006	11.1612	15.313	18.07	16.2306	14.7567	17.3463	18.6226	15.5887	14.1116	11.7902	12.3847	11.1383	16.4822	19.2434	24.6143	28.0119	30.8258	34.3001	35.6956	35.5714	31.6577	33.7631	36.0504	35.3746	33.584	26.9774	29.3998	25.3445	26.3875	23.0698	19.9715	20.7778	16.9226	14.2501	12.005	10.6757	9.08875	5.53289	7.48712	10.9589	13.5552	15.0019	17.0791	17.1706	15.1947	12.9749	17.0884	16.7863	16.1494	20.6734	22.8393	25.1991	28.0229	30.0117	32.6914	34.1353	37.9505	40.6753	43.2604	46.3307	46.4815	45.2382	42.6753	39.3	38.074	33.7679	32.8792	28.925	27.576	23.4844	21.843	18.5564	13.5026	10.411	11.5759	8.87299	12.7441	11.8163	16.3896	17.7112	23.661	21.4029	21.5642	24.1528	25.1398	24.4825	28.3971	27.2165	23.8021	23.6269	19.6506	21.1927	20.796	21.7396	22.501	22.6702	24.8115	25.9803	22.4223	19.1727	19.4606	16.802	21.0506	17.8105	22.2844	25.9662	29.6346	30.4664	33.7889	35.5457	39.7388	40.0339	35.7044	37.3555	33.9692	32.8673	30.6489	27.5105	23.2768	17.9022	14.4145	10.1454	4.66408	8.98863	11.2535	13.4766	11.6312	15.3527	18.2442	20.196	23.8214	27.1645	32.4632	35.3978	36.8306	38.0657	
P9:Q	20.5554	18.0312	11.0635	8.02452	4.58855	1.35697	0	1.32791	3.53219	6.65103	9.25401	12.5068	13.1564	9.88868	8.04426	4.43516	6.77537	11.6431	17.8478	21.5519	22.6153	25.903	25.364	22.2444	24.5027	26.1527	22.8725	14.648	14.973	16.9844	16.4154	19.4348	16.9376	19.6935	18.5531	18.9978	19.5913	20.5551	18.2084	21.7229	20.8476	25.1746	23.9161	22.2354	22.6808	20.7457	19.0009	21.3518	24.0131	21.7114	19.9894	18.5495	14.3109	14.9453	14.19	16.4449	16.5707	20.0166	19.5964	17.0595	15.1174	9.18949	10.4391	11.0363	13.5814	15.9076	14.1496	12.1388	15.003	16.4186	14.0896	11.867	10.2286	11.4549	12.2009	19.1387	21.8716	27.5241	30.9514	33.7883	37.1818	38.6031	38.1681	34.3319	36.0342	38.2481	37.4983	36.2339	29.1966	32.0827	27.5343	29.0206	25.6439	21.9999	23.4959	19.6206	16.8659	14.5127	12.5328	9.69768	5.69431	5.49099	8.23681	10.7713	11.854	13.9408	13.711	11.7634	9.41545	13.7213	13.8199	13.487	18.0415	20.5842	22.9304	25.8341	27.8737	30.6058	32.3398	36.0793	38.9823	41.6739	44.9742	45.3009	44.2601	41.6049	38.1591	36.4862	32.4495	31.2512	27.3937	25.7277	21.0766	18.5892	15.4783	9.85533	7.07531	8.67695	6.4241	10.7702	11.1458	15.4225	17.5302	23.6299	21.5572	21.7347	24.4057	25.0658	24.9221	28.4278	26.6393	23.3788	22.21	17.9525	18.8847	18.3319	18.9267	19.1059	19.1454	21.2467	22.2284	18.6537	15.4773	15.7878	13.3996	17.8034	15.2732	19.7672	24.185	28.5241	29.6568	33.2903	34.5644	38.8802	39.4149	35.0809	37.0146	33.6613	32.3158	29.6929	27.0512	22.7133	16.7707	13.3901	8.64568	4.49417	6.45897	8.90466	11.8491	10.7326	14.3578	17.091	19.6945	22.6525	25.9356	30.9241	34.0611	35.3955	36.8496	
G10:Q	21.2425	19.0364	12.0659	8.76531	5.80996	3.68017	1.32791	0	1.33156	4.66012	8.25337	11.0972	12.8643	10.4629	9.8819	6.71872	8.34431	13.4738	19.7532	23.175	23.6018	27.2005	26.4788	23.6578	25.9068	27.2013	23.7487	12.1097	11.5753	13.3348	12.462	15.6452	13.9312	16.4371	16.1158	16.6873	17.7855	20.6032	19.2527	22.9088	22.8743	26.7819	25.6197	23.3888	23.81	20.9058	19.3729	20.1305	22.927	20.2172	20.1823	19.0228	15.8127	16.1762	16.4534	18.6353	19.1859	22.5249	22.4181	19.4832	17.0546	12.2858	12.383	12.047	13.9957	15.9676	12.9068	10.5117	12.1461	12.4375	10.8772	8.11479	6.73296	8.60388	10.3826	18.7591	21.5327	27.5492	30.9827	34.3618	37.3058	39.3518	39.0126	35.3404	37.0635	39.0956	37.8352	36.6058	29.6123	31.7961	27.2467	28.2219	24.9027	20.7249	22.8898	19.133	16.2347	13.9093	12.3086	9.28935	4.88262	3.00115	4.09115	6.88472	8.66872	11.3093	11.9689	11.1206	9.39379	13.9369	14.6439	14.7372	19.0435	21.8772	23.9034	26.679	28.4335	31.1531	33.0475	36.4692	39.4547	42.0563	45.4496	45.7469	44.6647	42.0162	38.4099	36.3521	32.7458	31.5499	27.9374	26.3432	21.4813	17.8992	15.5792	8.19095	7.00566	5.24133	6.20045	10.8601	12.7593	16.5801	19.289	25.6058	23.5064	23.5287	26.0991	26.3593	26.0592	29.4255	27.2985	23.8704	22.1832	17.6875	17.8635	16.4604	16.9169	16.9047	16.3244	18.815	19.7795	16.4468	13.214	14.5029	10.7881	16.4387	14.2298	19.2264	24.1951	28.8742	30.6013	34.2565	35.5148	39.8389	40.8365	36.579	39.0427	35.757	34.0124	31.1981	28.6834	24.8592	18.5171	15.5644	9.83187	6.33922	8.23034	10.8755	13.862	12.9389	16.5781	19.3369	21.8895	24.801	27.8746	32.2956	35.5599	36.594	37.9299	
L11:Q	23.6546	21.5571	14.633	11.1738	8.44429	6.41703	3.53219	1.33156	0	1.33399	4.726	7.93745	9.62497	7.45145	7.38122	7.34509	10.5298	16.0743	22.4962	25.8712	25.975	29.7145	28.7805	26.0685	28.1783	29.1725	25.6738	13.2128	13.3195	14.8753	13.7209	17.1284	16.0567	17.9549	17.7138	17.7589	18.7246	21.8428	20.7619	24.4619	25.2065	28.532	26.9908	24.5582	24.6867	21.8257	20.0068	20.6799	22.9985	19.829	19.5448	17.6483	16.0444	17.3679	17.2136	20.2816	21.36	24.6339	24.7648	21.8953	19.5733	14.6405	13.9542	11.8091	12.0381	13.9022	11.5892	9.09245	10.8261	12.1583	11.0491	8.05635	8.51282	10.5154	12.1701	20.8602	23.5009	29.5516	32.9759	36.273	39.1364	41.2221	40.6959	37.0975	38.6055	40.6076	39.3492	38.339	31.2089	33.6531	28.898	30.1722	26.8591	22.5261	25.1267	21.3631	18.258	16.3001	14.6484	11.5335	7.2188	5.10399	4.16656	6.32868	7.04722	9.01403	8.77775	6.90431	5.76529	10.0926	10.8297	11.3919	15.8541	18.8207	21.3209	24.3592	26.5957	29.3607	31.456	35.1624	38.2625	41.1191	44.5352	45.2592	44.5173	41.7653	38.3253	36.1933	32.4479	30.8289	27.1039	24.9657	19.6206	16.0085	12.9765	6.57026	5.30784	6.92167	6.92334	11.0332	12.5274	16.2251	18.826	24.4728	22.837	23.171	25.9027	26.4519	26.8462	29.9559	27.5938	24.5257	22.4326	18.0714	18.2441	17.6474	17.5091	16.6337	15.8529	18.1414	18.2152	14.637	12.0722	12.2413	10.6503	15.5575	14.4654	18.5878	23.8265	28.8685	30.1519	34.1047	34.7303	39.1438	39.7542	35.4767	37.4894	34.1415	32.7618	29.7324	27.2362	23.0795	16.968	13.6446	8.55451	6.11543	3.97893	7.00568	10.5164	10.9285	14.0751	16.6186	19.9341	22.201	25.4098	30.1205	33.4404	34.5909	36.5877	
V12:Q	26.8424	24.8113	17.9358	14.44	11.516	9.50127	6.65103	4.66012	1.33399	0	1.33377	4.29474	6.10014	3.42938	4.64416	6.56022	12.2977	18.8876	25.5473	29.0557	28.5862	32.4806	30.7693	27.7217	29.0981	30.0699	26.6532	11.5293	13.6187	14.3054	13.2504	16.8313	17.2821	17.2576	18.2555	16.3774	17.2446	20.9148	20.5024	24.2647	26.5138	28.44	25.9392	23.4413	22.7813	20.1346	17.7889	18.195	19.5575	16.3102	16.3064	14.2385	14.0121	16.0058	15.7162	19.73	21.7539	24.8989	25.5437	23.2545	21.561	16.0463	14.1244	9.44755	8.2716	9.94189	7.78307	5.12934	7.34756	9.2488	8.18925	6.03754	9.43896	11.8771	13.8659	22.5989	24.6501	30.6664	33.9895	37.0031	39.154	41.733	40.5939	37.3393	38.2174	40.0577	38.7404	38.402	30.9345	34.1719	28.8614	31.1619	27.9637	23.061	27.0549	23.6743	19.9171	19.4813	17.8954	14.6833	10.5515	7.79308	3.71011	3.44794	3.89544	5.82685	7.55186	8.32614	9.54578	13.4793	15.0293	16.4176	20.6254	23.8174	26.1719	29.134	31.1867	33.9316	36.1454	39.5994	42.7498	45.5132	48.9882	49.6149	48.7567	46.0412	42.4576	40.0838	36.6756	35.1524	31.6149	29.6017	24.134	19.3975	16.9818	7.39707	9.68736	8.30463	10.4118	15.0355	17.2165	20.8531	23.7554	29.6423	28.016	28.1428	30.7903	30.9405	31.0831	34.1348	31.824	28.5439	26.3787	21.7788	21.3799	19.7731	18.9894	17.8196	15.7292	18.18	17.2014	14.0041	12.6887	13.8482	11.1356	18.3341	17.661	22.2916	27.9024	33.0427	34.7678	38.6197	39.449	43.8424	44.7495	40.5135	42.8012	39.5243	37.9025	34.8523	32.4738	28.51	22.1744	19.0014	13.4556	11.0894	9.23466	12.2442	15.6881	16.4576	19.641	22.1823	25.4853	27.669	30.8003	35.2348	38.6182	39.3262	41.4828	
K13:Q	30.0828	28.0488	21.2155	17.7708	14.597	12.5467	9.25401	8.25337	4.726	1.33377	0	1.33859	3.17441	3.71058	5.8541	9.35369	15.4318	21.9746	28.5855	32.1011	31.815	35.6324	33.8227	30.5968	31.7488	32.7658	29.4601	13.082	16.1742	16.3789	14.9918	18.5814	19.7484	19.3959	20.8112	18.4214	19.246	23.1547	22.6171	26.5751	28.9072	30.4149	27.5865	25.332	24.1559	21.9599	19.3305	19.2982	20.0617	16.7367	16.7488	14.0918	15.2096	17.6575	17.6206	22.108	24.4243	27.6114	28.5578	26.2511	24.6577	18.8503	16.6237	11.3113	7.31355	8.46873	7.97211	4.82695	6.89794	9.36099	9.68118	7.65678	11.8769	14.6165	17.1834	25.8109	27.6696	33.603	36.8714	39.7033	41.6282	44.3006	42.9058	39.7761	40.3637	42.1444	40.8767	40.855	33.1986	36.8894	31.398	34.0986	30.9645	25.8627	30.2705	27.0209	23.1298	22.8835	21.4049	18.1797	14.1026	11.2698	5.91856	3.73387	5.19187	5.22952	7.0395	8.23819	10.811	14.2425	16.2826	18.4194	22.3775	25.7341	27.8913	31.2022	33.3711	36.1006	38.5116	41.9193	45.165	48.0051	51.53	52.3618	51.6448	48.8953	45.319	42.7111	39.4953	37.782	34.3457	32.1126	26.3447	20.9194	18.6224	8.5563	12.3217	11.0907	13.6667	18.2044	20.5801	24.085	27.0512	32.7372	31.2254	31.4484	34.1254	34.2973	34.5682	37.5276	35.0511	31.8663	29.357	24.7549	23.9709	22.2022	21.0108	19.5718	17.1815	19.1862	17.6412	14.5411	14.1098	14.6715	13.0997	20.0505	20.29	24.6631	30.6211	36.0334	37.82	41.7803	42.3397	46.7605	47.6365	43.4729	45.6678	42.4217	40.8723	37.6695	35.334	31.3885	25.1359	21.6954	16.5213	14.0873	11.4493	14.2623	17.5561	19.1551	22.1041	24.3775	27.9532	30.1749	33.2763	37.4299	41.0495	41.3136	44.1458	
P14:Q	32.2157	30.4045	23.7552	20.103	17.312	15.6993	12.5068	11.0972	7.93745	4.29474	1.33859	0	1.332	3.60688	6.14402	11.0497	17.5878	24.3939	31.0118	34.5986	33.2811	37.283	34.8855	31.4948	32.2746	33.0894	30.0086	12.2235	16.2576	15.7179	14.2433	17.6634	19.8405	19.0101	20.5943	17.6139	18.4416	22.7039	22.6277	26.5643	29.168	30.1905	26.9709	24.7925	23.0989	21.1038	18.2007	17.5222	17.6822	14.382	14.7059	11.7775	14.3486	17.2309	17.5112	22.5534	25.2738	28.4584	29.9268	27.6965	26.4427	21.5103	17.5738	11.3243	5.01602	5.07052	5.80326	2.63759	4.69213	7.39262	8.61036	7.51121	12.0394	15.3001	18.2768	26.8037	28.1256	34.0305	37.1658	39.8214	41.1976	44.2267	42.4655	39.6376	39.8199	41.4456	40.1073	40.5084	32.6987	36.7503	31.1569	34.3806	31.3922	26.0042	31.1454	28.284	24.0066	24.9834	23.6251	20.3449	16.6161	13.5252	7.44778	3.3812	5.40692	4.95819	7.79562	9.77364	13.0308	16.2154	18.5618	21.1535	24.6752	28.1552	29.6166	33.2765	35.2831	37.9448	40.5273	43.6612	46.9763	49.7756	53.3585	54.2942	53.6501	50.9051	47.2715	44.3093	41.5181	39.7061	36.5371	34.2621	28.3582	22.1295	20.3984	10.0176	14.8547	12.679	16.1555	20.7122	23.4817	26.8303	29.9917	35.7345	34.3961	34.4962	37.1133	36.9767	37.2537	40.028	37.3939	34.1708	31.4729	26.8642	25.5217	23.2832	21.375	19.7213	16.6223	18.5583	16.8672	14.2373	14.4001	15.2267	13.4151	21.0222	21.7285	26.2946	32.5813	38.2449	40.3273	44.2666	44.7607	49.1643	50.2722	46.224	48.636	45.5026	43.7304	40.4279	38.2462	34.5416	28.1148	24.6641	19.4466	17.6086	14.8256	17.6791	21.0105	22.6296	25.5257	27.4905	31.192	33.1385	36.1778	39.5549	43.5691	43.1157	46.4959	
S15:Q	32.8842	30.8336	24.367	21.2271	17.8983	16.5152	13.1564	12.8643	9.62497	6.10014	3.17441	1.332	0	1.32735	4.03841	10.4254	17.3417	24.3105	30.938	34.4922	33.6422	37.4055	34.9471	31.3097	31.9256	33.1257	30.1202	14.2351	18.3944	17.9327	16.8119	20.3373	22.3374	21.0747	22.4667	19.6449	20.2803	23.1154	22.0332	26.2712	28.613	29.2971	26.0278	24.3775	22.4382	21.4183	18.0784	18.6659	18.8232	16.0979	14.6157	11.2934	12.8847	16.4944	15.6995	21.3151	24.0227	27.039	28.3319	26.6051	25.7748	20.2626	17.0895	9.40476	4.99945	6.55821	7.8291	4.70485	7.32166	10.2824	10.6219	9.74229	14.2002	17.3427	19.764	27.823	29.1435	34.6811	37.8755	40.0908	41.9263	44.328	42.4994	39.5254	39.604	41.3349	40.3763	40.8866	32.9723	37.6382	31.9522	35.7001	32.7768	27.6456	32.4706	29.3836	25.541	26.2762	25.246	22.0592	18.2435	15.5222	9.92706	5.99004	8.58478	8.10676	10.8973	12.4613	15.3853	18.6916	21.0852	23.5791	27.3592	30.7874	32.6213	36.1644	38.2646	40.963	43.4592	46.7183	49.996	52.7935	56.3486	57.168	56.4152	53.6885	50.0497	47.284	44.2968	42.6093	39.2979	37.098	31.2738	25.3651	23.3849	13.0313	17.3645	15.1685	18.5232	23.1473	25.6904	29.1769	32.2259	38.0004	36.4719	36.6274	39.2716	39.2873	39.4286	42.3606	39.8686	36.591	34.0749	29.4635	28.3964	26.171	24.5862	23.1635	20.1655	22.1779	20.4654	17.8072	17.8616	18.5633	16.6436	24.3009	24.753	29.3006	35.3965	40.8502	42.8473	46.7578	47.3838	51.7889	52.801	48.67	50.9634	47.7432	46.1158	42.89	40.6068	36.7193	30.4136	26.9753	21.7403	19.0515	16.7456	19.4102	22.3149	24.4317	27.3804	29.5578	33.2565	35.4729	38.5444	42.4281	46.2182	46.151	49.2311	
E16:Q	29.2158	27.1451	20.6715	17.5867	14.2441	13.068	9.88868	10.4629	7.45145	3.42938	3.71058	3.60688	1.32735	0	1.32995	6.82778	13.679	20.6363	27.2761	30.8351	30.0463	33.8228	31.6326	28.1651	29.0967	30.3193	27.116	12.9566	17.1907	17.4103	16.7863	20.4375	21.6073	20.0505	20.9427	18.1118	18.1341	20.8732	19.6593	23.8178	26.0522	27.2659	24.3219	22.434	21.0893	19.5247	16.6643	17.5813	18.5003	15.6664	14.213	11.3817	12.1669	14.5397	13.7139	18.8117	21.2825	24.3535	25.4277	23.5146	22.4182	16.9083	13.9191	7.11281	5.17721	7.36601	7.15074	4.3356	8.42271	11.6778	10.231	9.51739	13.249	15.8113	16.794	24.3898	26.0048	31.7089	34.9345	37.392	39.581	41.8397	40.3448	37.1521	37.6245	39.465	38.4524	38.5469	30.7834	34.9854	29.4129	32.6836	29.6464	24.7115	29.1298	25.892	22.5978	22.7207	22.1602	19.194	15.1085	13.3677	9.53764	7.69062	10.1088	9.75207	11.4155	11.5562	13.8158	17.0903	19.2609	21.8186	25.7064	28.9771	31.5116	35.1001	37.6959	40.4286	42.9094	46.591	49.7926	52.5364	56.0096	56.5556	55.594	52.9146	49.2935	46.9527	43.5776	42.1495	38.6137	36.6485	30.8087	25.6043	22.8851	13.7235	16.7312	14.3679	17.1113	21.8105	23.6181	27.5253	30.156	36.2588	34.0873	34.4357	37.0718	37.3406	37.1153	40.4077	38.3558	34.8873	33.0873	28.5312	28.1121	26.1107	25.3194	24.4283	22.1607	24.2484	22.5713	19.4205	19.332	18.9046	17.6025	25.0105	24.4715	29.2387	34.8419	39.8389	41.5829	45.3056	46.3753	50.7462	51.636	47.343	49.1692	45.6524	44.6779	41.7453	39.155	34.5818	28.9088	25.3512	20.2969	15.8876	14.6196	16.5914	19.0619	21.4066	24.2907	26.8574	30.6467	33.2702	36.5324	41.2658	44.6957	45.2109	48.4876	
T17:Q	27.0488	24.7353	18.3113	15.8376	12.0429	10.7991	8.04426	9.8819	7.38122	4.64416	5.8541	6.14402	4.03841	1.32995	0	4.13841	11.0257	17.9806	24.4169	28.0532	27.5751	31.1936	28.99	25.3874	26.0213	27.6394	24.555	13.1538	17.1415	18.0116	17.8052	21.4108	22.0248	20.232	20.6701	17.8743	17.2498	18.2474	16.391	20.8168	22.739	23.5889	20.7197	19.2532	17.6953	17.0072	13.6096	16.0353	16.9749	14.9853	11.5252	8.56118	8.38172	11.2163	9.61194	14.9771	17.4976	20.4546	21.6627	20.0718	19.3398	13.5618	11.0322	2.83673	3.57409	5.78118	7.37403	5.52432	10.0818	13.4844	10.9999	10.8993	13.885	15.6043	15.5697	22.3811	23.9274	29.4	32.696	34.8837	37.3102	39.0879	37.4483	34.1919	34.5144	36.4014	35.6979	35.9782	28.1329	32.8936	27.3457	30.8453	27.8552	23.2245	27.3226	24.0058	21.3294	21.0017	20.9009	18.1932	13.9937	13.2132	10.9147	9.91815	12.3325	13.1014	14.908	15.4379	16.7747	20.295	21.8896	23.2394	27.6504	30.6919	33.3377	36.4066	38.623	41.3849	43.4479	47.0766	50.1385	52.879	56.2762	56.6938	55.6392	52.9877	49.4312	47.4245	43.7359	42.4423	38.7363	36.8738	31.6173	27.2926	24.6295	15.483	17.022	15.1315	17.2536	21.8027	22.8405	27.0581	29.2194	35.2606	33.1087	33.3328	35.9732	36.5827	36.113	39.7088	38.036	34.4919	33.2447	28.7757	28.8429	27.0037	26.6991	26.1154	24.1801	26.743	25.3917	22.3196	21.2263	21.9569	19.2732	26.3462	25.1952	29.9907	35.1902	39.8417	41.2788	44.8776	46.1835	50.5193	51.1455	46.8123	48.6519	45.2247	44.0393	41.334	38.7104	34.2171	28.4074	24.9206	20.0535	14.7283	15.3322	17.7195	20.476	21.392	24.7693	27.7592	30.7678	33.7487	37.1006	42.0862	45.3398	46.6473	48.381	
S19:Q	20.7381	18.3185	11.9296	9.59131	5.98653	5.06842	4.43516	6.71872	7.34509	6.56022	9.35369	11.0497	10.4254	6.82778	4.13841	0	4.59903	11.5597	17.9985	21.6669	21.3773	24.8977	23.1136	19.8071	21.2534	22.7775	19.4413	13.1298	15.3711	17.3	17.5064	20.9561	20.4441	19.205	18.2054	16.6665	15.6701	15.5062	13.0261	17.2346	18.0227	20.5151	18.4628	16.7812	16.3496	15.2732	12.9242	16.0855	18.6201	16.6647	13.7602	12.5338	7.55191	9.08674	7.82126	11.2543	13.1471	16.2539	17.1412	14.7697	13.2901	8.0193	6.10703	4.07191	7.91035	10.6507	9.80228	8.59053	12.5205	15.1372	11.4515	11.4682	12.4255	13.1027	10.9895	17.1226	19.0492	24.5431	27.8784	30.2718	33.6597	34.8997	34.0854	30.3585	31.5163	33.6598	33.0118	32.3308	24.9651	28.6074	23.6256	26.3852	23.2587	19.3277	22.2864	18.5465	17.0041	15.2366	15.3167	13.5427	9.53346	10.7341	11.111	12.0481	13.7413	15.7924	17	16.7518	16.7196	20.772	21.5967	21.7404	26.338	28.9191	31.4275	34.3703	36.432	39.1553	40.7968	44.5276	47.3499	49.9388	53.174	53.2132	51.9056	49.3579	45.8832	44.4554	40.3718	39.4684	35.6041	34.1722	29.6559	26.78	23.8073	16.1008	15.397	14.0794	14.5049	18.8036	18.7038	23.1834	24.7176	30.6886	28.4061	28.5344	31.0655	31.899	31.0024	34.9287	33.83	30.1701	29.8916	25.7403	26.7167	25.5109	26.0874	25.9896	24.6421	27.3993	27.0594	23.7212	21.6041	22.7285	19.3156	25.7535	23.2004	28.076	32.3303	36.211	37.316	40.5862	42.4426	46.6434	47.0518	42.7298	44.3974	40.9926	39.9122	37.6485	34.5265	30.2732	24.8277	21.3096	16.8557	10.8583	13.9262	16.1469	18.5711	18.0532	21.6824	24.7344	26.9931	30.5813	33.9687	39.2401	42.2649	43.6881	44.9897	
S21:Q	13.7913	11.2869	4.90346	3.46052	2.71663	4.75859	6.77537	8.34431	10.5298	12.2977	15.4318	17.5878	17.3417	13.679	11.0257	4.59903	0	4.5914	11.2297	14.8005	14.666	18.137	16.9509	13.9231	16.0894	17.709	14.4829	13.2207	14.727	17.6947	19.2298	21.9947	19.1927	19.2762	16.291	15.7659	15.5441	13.76	10.7915	14.1235	12.5881	17.2458	16.377	15.4073	16.3301	15.0109	14.1395	17.0648	20.2171	19.6822	17.1267	17.0817	9.74198	8.62179	7.74067	8.86056	8.80813	12.114	12.4422	9.2264	7.18818	3.96226	3.31472	7.64255	13.467	16.5384	15.0246	14.6234	17.7122	19.153	14.9807	15.2847	13.0604	12.0451	7.70257	11.7653	14.1491	19.3451	22.7227	25.3718	28.8827	30.2163	30.0227	26.1292	28.2239	30.5028	29.8454	28.0539	21.4485	24.0655	19.9995	21.5989	18.2626	15.4709	16.4742	12.7715	10.7628	8.90074	9.0597	9.20453	6.95633	10.4127	13.6916	16.0959	18.3016	20.7953	21.6506	20.5123	19.1033	23.374	23.5325	22.7028	27.1191	28.8346	31.1281	33.7114	35.3202	37.901	38.9891	42.5893	44.8661	47.3269	50.061	49.7946	48.09	45.7378	42.3326	41.5626	37.2426	36.9602	33.1131	32.422	29.0532	27.753	24.8669	19.0265	16.4314	15.3315	13.9947	17.3097	16.0893	20.3798	21.2549	27.1229	24.3611	24.3821	26.7597	27.4698	25.9081	30.0656	29.6661	25.8641	26.8636	23.3669	25.2363	24.3609	25.9159	27.3991	27.1973	29.7697	30.7386	27.356	24.2764	25.323	21.5559	26.379	22.2582	27.1263	30.0507	32.7978	33.7321	36.4286	39.1159	43.0505	43.4316	39.2335	40.9763	37.7669	36.4135	34.8599	30.7893	27.7794	22.7695	19.7231	15.6745	11.2615	15.7926	18.0018	20.1387	17.6915	21.3241	24.0739	25.1958	29.1824	32.3881	37.5938	40.3014	41.5904	42.2389	
T23:Q	7.43495	4.27611	2.93693	4.94499	5.0044	7.97658	11.6431	13.4738	16.0743	18.8876	21.9746	24.3939	24.3105	20.6363	17.9806	11.5597	4.5914	0	4.05098	7.72136	8.46745	11.6827	11.7565	8.7984	11.8194	14.0315	12.047	15.8282	17.6625	20.8705	22.9956	25.3189	21.9258	22.0427	18.2246	17.8556	17.6248	14.9854	11.8435	14.387	10.0488	16.6134	17.4045	16.9867	18.9075	17.5142	17.6268	20.1042	23.5653	24.1885	22.0334	22.7986	15.2265	11.85	10.9241	11.4727	9.25035	12.3066	10.451	6.36971	4.17093	5.69664	7.59117	13.4138	19.8943	23.0042	21.285	21.2698	23.8924	24.1674	20.433	20.4799	17.0043	15.3085	9.82582	9.69083	12.6307	16.3251	19.4323	21.9555	25.6431	26.7473	27.3115	23.3394	26.3301	28.7166	28.098	25.3665	20.2294	21.6206	19.1217	18.2091	15.9155	15.1004	12.7651	8.96667	7.80296	7.34801	7.9981	10.114	10.5354	13.8943	18.7415	21.744	24.1816	26.8283	27.4533	25.4743	23.2744	27.2112	26.3284	25.1876	29.4095	30.0781	32.9301	35.402	37.0516	39.4074	39.866	43.3625	44.7806	47.3056	49.2541	48.8444	46.7685	44.6063	41.5365	41.3178	37.0607	37.4265	33.6683	33.7006	31.3378	31.039	27.9301	23.1424	20.0845	19.4026	17.1579	19.8501	17.673	21.4224	21.0241	25.8425	22.5548	22.7291	24.8557	25.8074	23.3929	27.84	28.5848	24.9111	27.533	24.953	27.5848	26.9026	28.8747	31.0009	31.3388	33.6669	35.5943	32.3	28.6495	29.4958	25.3991	29.7045	24.9918	29.5666	31.1348	32.4931	32.8987	34.7928	38.3242	41.8246	41.896	37.939	39.3564	36.3797	34.1208	34.5308	29.4336	27.536	23.4045	20.8229	17.9451	13.2507	18.5775	19.685	21.4265	18.7554	21.9911	24.6854	24.9686	29.5658	32.7355	38.2707	40.5595	41.831	41.8738	
S25:Q	3.31675	3.22279	6.54756	9.70794	11.2248	14.1825	17.8478	19.7532	22.4962	25.5473	28.5855	31.0118	30.938	27.2761	24.4169	17.9985	11.2297	4.05098	0	1.33306	3.02041	6.43623	8.39657	6.86854	10.2148	12.6053	10.5285	20.4342	22.3893	25.6795	28.0692	30.1098	26.1403	26.4056	21.8882	21.8396	20.5323	16.4847	14.6399	15.2197	9.76921	16.8632	18.3772	19.3568	21.6005	21.0403	21.9514	24.232	27.7193	29.1973	27.1511	28.419	20.4985	16.3657	14.8932	13.609	11.1728	12.0908	9.85939	6.23439	6.43398	8.80476	12.932	19.3898	26.0903	29.1987	27.5461	27.7841	30.2491	29.9755	26.2408	26.276	22.6531	20.0409	14.4369	9.29539	13.2079	15.1739	17.449	19.9604	23.4843	24.5118	25.9275	22.0608	25.5409	27.9315	27.38	23.9595	20.18	20.4868	19.3205	16.5088	15.6419	15.2013	11.7738	8.41818	9.61302	10.2809	11.1706	13.6976	16.2174	19.2836	24.8892	28.0657	30.5983	33.2959	33.622	31.3786	28.8094	32.6023	31.1852	29.4433	33.5213	33.2205	36.1892	38.3247	39.6321	41.8254	41.8421	45.4808	46.2153	48.7238	50.0077	49.4392	47.0584	45.0121	42.3778	42.5851	38.5478	39.4411	35.8846	36.1972	34.6827	35.4302	32.4647	28.7878	25.3917	25.0111	21.9357	23.5755	20.9405	24.0126	22.9012	26.3821	23.0454	23.4887	25.4495	26.5762	23.5328	27.9352	29.6261	26.2431	29.5094	27.7799	30.8701	30.6462	33.1418	35.6969	36.694	38.9441	41.3282	38.2153	34.3046	34.9664	30.7735	34.2721	29.1451	33.0152	33.3816	33.5555	34.0371	35.1589	39.337	42.373	42.2204	38.5787	39.3764	36.4977	33.9756	35.6304	30.2685	28.96	25.4629	23.9733	22.0431	18.2302	23.7517	24.4121	25.626	22.719	25.2925	27.7684	27.0207	31.8165	34.6907	40.0121	41.8576	43.2559	43.1195	
Q26:Q	2.83214	3.19154	9.42329	12.9027	14.9675	17.8953	21.5519	23.175	25.8712	29.0557	32.1011	34.5986	34.4922	30.8351	28.0532	21.6669	14.8005	7.72136	1.33306	0	1.33055	3.93242	6.4912	7.31573	10.24	11.4477	9.72513	23.6761	25.4655	28.8513	31.2529	33.1937	28.9759	29.4226	24.0798	24.7648	22.9248	18.4834	16.9376	16.3617	11.2011	18.2911	20.2957	21.7943	24.1272	23.6779	25.1219	27.3588	30.7796	32.5391	30.4883	31.8616	23.8337	19.6243	17.9502	16.03	13.5352	13.4517	11.4718	9.24871	8.26468	11.7653	16.3262	22.9223	29.6569	32.7662	31.1507	31.397	33.8385	33.4065	29.6804	29.6766	25.9888	23.0681	17.7207	8.7823	14.4699	14.4026	15.3511	18.3132	21.7896	22.7256	24.5785	21.0145	24.9955	27.2584	26.5022	22.6532	20.4421	19.5313	19.4839	15.3891	15.5688	15.4241	11.1128	9.16633	11.5823	13.04	13.8056	16.4891	19.2825	22.448	28.2821	31.5235	34.0296	36.7006	37.1084	35.065	32.1472	35.9899	34.3394	31.6955	35.4802	34.1074	36.7993	38.2749	39.0644	40.984	40.2181	43.7698	43.9044	46.4575	47.1471	46.5839	44.2177	42.1885	40.0342	40.5033	36.659	37.8407	34.4379	35.3198	35.1856	36.8283	34.7922	31.7968	28.3803	27.8208	24.6695	24.6293	21.933	23.268	22.2127	24.2933	21.0828	20.7572	22.8962	24.2415	20.9653	25.3193	27.5056	24.8366	28.4428	27.4244	31.1249	32.0361	34.8751	37.8997	39.5652	41.8096	44.3792	41.3321	37.3378	37.8666	33.7529	35.803	30.7487	33.206	32.322	31.4327	31.7625	32.3615	36.7341	39.4561	38.9565	35.5782	36.3361	33.8905	30.4824	33.5416	27.2866	28.0754	25.3541	25.2554	24.4002	21.6873	27.1558	27.9304	28.7973	25.5098	27.1822	29.2144	27.3149	31.7801	34.0647	38.8566	40.2369	41.4268	40.6566	
D27:Q	3.22212	5.27955	10.081	13.314	15.844	19.0437	22.6153	23.6018	25.975	28.5862	31.815	33.2811	33.6422	30.0463	27.5751	21.3773	14.666	8.46745	3.02041	1.33055	0	1.33242	2.94976	3.68778	6.15186	6.25767	4.4228	19.9626	22.2156	25.5841	28.4941	29.883	26.4861	25.5495	20.1333	20.4425	17.9584	13.5582	12.4258	11.2888	9.28674	14.0249	16.267	17.5512	19.9366	18.8768	21.2859	22.7321	25.9383	28.0078	27.0699	28.8289	21.6964	16.8806	16.0856	13.4552	12.4566	12.0462	10.824	10.4937	7.338	11.3611	15.3789	21.067	27.6373	30.603	28.835	29.6627	31.6008	30.86	26.979	27.5377	24.2181	21.1569	14.9999	4.49026	9.29661	9.35464	11.4775	13.4174	16.9897	17.8997	19.4063	15.7948	19.7329	21.9357	21.1438	17.4445	14.9999	14.5645	14.3461	11.5513	10.8424	11.1747	7.28078	5.60034	9.1952	11.009	13.1399	15.6168	18.3649	21.743	27.3214	30.4199	33.3568	36.3459	37.3158	35.9806	33.2979	37.5302	36.2013	34.1447	38.2065	37.7452	40.3527	42.1919	42.9896	45.1926	44.8765	48.3492	48.9168	51.3924	52.5367	51.874	49.3829	47.4022	44.8513	45.1739	41.2111	42.2165	38.7457	39.3855	38.4377	39.2646	36.8328	32.1427	29.2656	27.582	25.3486	26.7525	24.7737	27.1131	26.3592	29.6151	26.3062	26.1257	28.2325	29.2053	26.0202	30.3196	32.198	28.7963	32.0201	30.3245	33.0189	32.2944	35.3013	37.9277	39.007	41.4595	44.2015	41.3377	37.2935	38.243	33.414	37.2562	31.8287	35.6574	36.0092	36.126	36.7044	37.6127	41.9701	44.8731	44.7006	41.1692	42.2479	39.6614	36.4491	38.7739	32.838	32.8129	29.4604	28.4087	26.4441	23.5047	28.8985	29.9545	31.1159	27.9657	30.5301	32.6843	31.5406	36.077	38.6605	43.6113	45.3257	46.4949	45.8993	
S28:Q	4.97369	7.71198	13.3419	16.7799	19.1905	22.2882	25.903	27.2005	29.7145	32.4806	35.6324	37.283	37.4055	33.8228	31.1936	24.8977	18.137	11.6827	6.43623	3.93242	1.33242	0	1.33166	4.17546	6.69882	6.65127	6.7908	24.5005	26.6074	30.0962	32.9552	34.3286	30.7672	30.0748	24.5536	24.9567	22.1449	16.8039	15.2858	12.5819	10.3766	14.896	17.4585	19.2071	22.0663	21.956	24.9695	26.8064	29.9475	32.165	30.8716	32.7326	25.1542	20.4198	18.9511	15.2631	14.08	12.4962	11.8317	12.8366	9.79632	14.2432	18.6053	24.8202	31.5287	34.533	33.0138	33.8184	35.9938	35.3198	31.4439	31.9294	28.5218	25.4025	19.4167	7.68651	13.398	10.814	12.2395	13.2227	17.2845	17.126	18.9737	15.5369	19.6839	21.9409	21.8188	17.7518	16.4512	16.2419	17.0761	13.7507	14.3798	15.0017	10.22	9.82006	13.3305	15.1578	16.8223	19.4646	22.3556	25.7356	31.4416	34.5793	37.4032	40.298	41.0977	39.5027	36.7215	40.804	39.435	37.3699	41.4371	41.0095	43.4959	45.2581	45.8084	48.0699	47.6103	50.9916	51.4004	53.7872	54.7967	53.803	51.0313	49.2535	46.8936	47.3982	43.5481	44.6613	41.4023	42.1513	41.4354	42.4789	40.0177	35.8683	32.7606	31.6357	28.8378	29.8986	27.8481	29.9637	29.3667	32.5013	29.2298	28.7783	30.9418	31.6552	28.3187	32.362	34.314	31.1295	34.6011	33.2265	36.2634	35.9914	39.0156	41.7629	42.9754	45.3873	48.1369	45.2228	41.1642	41.9438	37.3351	40.7139	35.3468	38.7848	38.6257	38.3722	39.1617	39.7642	44.2304	47.1231	47.0651	43.6988	44.8834	42.4443	38.9272	41.5778	35.3734	35.937	32.6459	31.6603	29.5995	26.7836	32.1196	33.3237	34.5309	31.3524	33.9687	36.0553	34.8528	39.3093	41.8112	46.6007	48.2514	49.317	48.5083	
R29:Q	7.11898	9.84976	13.9979	16.9311	18.819	21.9066	25.364	26.4788	28.7805	30.7693	33.8227	34.8855	34.9471	31.6326	28.99	23.1136	16.9509	11.7565	8.39657	6.4912	2.94976	1.33166	0	1.33658	3.48018	3.13085	3.28754	22.0991	24.8884	28.1604	31.2979	32.655	29.8466	27.8224	22.4809	22.1554	18.3243	12.4653	11.0998	8.55927	7.44196	11.2688	13.9587	15.3634	18.0365	17.6423	20.9043	22.7329	25.6932	28.1546	26.6588	28.7968	21.5917	16.9103	15.7665	11.9523	11.7749	10.9634	10.9416	11.3308	7.95045	12.2669	16.2689	21.9585	28.4988	31.3813	30.1767	31.3345	33.51	33.2149	29.2634	30.1894	27.1809	24.0821	17.8446	5.729	9.5732	7.61841	9.1397	6.17052	11.2291	9.61776	11.0145	7.7981	11.8575	14.0387	14.9865	11.0599	10.8411	12.5253	13.0203	11.4439	11.6148	13.0511	9.02909	9.27191	12.9687	14.8696	17.2861	19.5861	21.9938	25.2092	30.2279	33.0789	36.0262	38.9861	40.1214	38.9838	36.6615	40.952	40.0854	38.4446	42.6262	42.8891	45.2159	47.1601	47.7167	50.1878	49.9321	53.2917	53.8327	56.1991	57.3708	56.4626	53.8072	51.9542	49.3341	49.7528	45.8742	46.9211	43.6464	44.213	42.9159	43.2462	40.7529	35.6326	32.8786	30.885	29.239	31.0465	29.2482	32.097	31.5823	34.9971	31.7046	31.3221	33.4679	34.1135	30.827	34.9021	36.7223	33.3689	36.5986	34.8194	37.3843	36.3792	39.3226	41.7938	42.5874	45.0916	47.5954	44.6167	40.756	41.8709	36.9954	41.3547	35.9516	40.0428	40.5778	40.7566	41.5983	42.3393	46.7507	49.7135	49.7243	46.2851	47.528	45.0406	41.6005	44.0533	37.9578	38.2518	34.8032	33.3704	30.5911	27.4007	32.5392	34.1294	35.6844	32.647	35.6868	37.9243	36.9984	41.4807	44.0723	48.9225	50.668	51.7398	50.9978	
P30:Q	7.78503	8.31523	11.857	14.5473	15.5355	18.7245	22.2444	23.6578	26.0685	27.7217	30.5968	31.4948	31.3097	28.1651	25.3874	19.8071	13.9231	8.7984	6.86854	7.31573	3.68778	4.17546	1.33658	0	1.33433	3.4868	3.89316	20.1279	23.1615	26.4509	29.5717	31.3585	28.8097	26.2405	21.5951	20.3392	16.2462	9.74041	7.69102	6.37037	3.86212	8.14804	10.264	11.7088	14.393	14.5836	17.2903	19.7673	22.9435	25.2166	23.2201	25.1809	17.5972	13.038	11.6583	7.71221	8.59665	7.89638	7.45435	7.79484	4.46883	8.76096	12.6453	18.2945	24.8274	27.6988	26.8651	28.0114	30.6016	30.8413	26.6346	27.9524	25.1649	22.4027	15.8599	6.86022	9.14343	7.93567	11.5007	12.243	16.532	16.5196	17.0948	13.0533	16.2155	18.6782	18.6526	15.6721	11.5343	13.7667	12.2831	13.0188	12.2861	13.4229	10.4503	9.64218	13.0891	14.0203	15.8839	18.1388	19.9014	23.2885	27.8933	30.506	33.3579	36.2233	37.4367	36.1173	33.9249	38.1315	37.3246	35.8957	40.1038	40.4628	43.0201	45.1445	46.1469	48.5368	48.7069	52.1286	53.165	55.6058	57.1984	56.4964	54.0802	52.0904	49.2023	49.3125	45.2288	45.9828	42.4015	42.7562	40.9613	41.1338	38.3554	33.3169	30.4222	28.9224	27.1083	29.3089	27.1497	30.5441	29.963	34.1066	30.7688	30.8523	32.8625	33.6699	30.7261	35.0107	36.3375	32.7322	35.7536	33.6085	36.2652	35.3413	37.9567	40.3034	40.8426	43.321	45.4955	42.3381	38.6275	39.6529	35.1041	39.5224	34.3463	38.6715	39.5923	40.3875	41.0383	42.3342	46.4497	49.6137	49.6508	45.9408	47.2098	44.4416	41.5843	43.1154	37.5821	36.6492	32.8271	30.9713	28.1715	24.4134	29.6401	31.0748	32.7213	29.8026	32.9165	35.3061	34.8711	39.4204	42.2644	47.3852	49.4078	50.6109	50.2961	
